0 0.956250 0.727083 0.087500 0.543056
1 0.876172 0.868750 0.163281 0.259722
1 0.669922 0.801389 0.311719 0.300000
1 0.726172 0.354861 0.188281 0.493056
1 0.909766 0.384028 0.180469 0.423611
1 0.702344 0.104167 0.126563 0.205556
1 0.827344 0.074306 0.173438 0.148611
1 0.370313 0.098611 0.285937 0.197222
1 0.059375 0.657639 0.118750 0.168056
1 0.040234 0.492361 0.080469 0.168056
1 0.175391 0.493056 0.149219 0.491667
2 0.455078 0.648611 0.460156 0.700000
3 0.223828 0.406250 0.233594 0.298611
3 0.152734 0.092361 0.157031 0.184722
