3 0.323438 0.257639 0.189063 0.176389
1 0.267188 0.140278 0.318750 0.188889
2 0.080859 0.256250 0.147656 0.106944
1 0.573047 0.468056 0.225781 0.222222
2 0.762109 0.620833 0.213281 0.238889
3 0.863672 0.704861 0.152344 0.168056
3 0.650391 0.736111 0.182031 0.177778
2 0.454297 0.808333 0.255469 0.225000
2 0.883594 0.895833 0.168750 0.208333
2 0.189844 0.872222 0.346875 0.238889
1 0.482812 0.934722 0.329688 0.130556
1 0.157422 0.679861 0.314844 0.184722
1 0.060156 0.545833 0.120312 0.177778
1 0.348047 0.630556 0.282031 0.155556
