3 0.290234 0.384722 0.117969 0.194444
3 0.485156 0.097917 0.106250 0.168056
1 0.376563 0.070833 0.125000 0.127778
3 0.171094 0.663889 0.098438 0.263889
3 0.230078 0.900694 0.174219 0.198611
1 0.506250 0.900000 0.198437 0.200000
1 0.646484 0.694444 0.261719 0.244444
0 0.644922 0.381250 0.305469 0.601389
3 0.951172 0.376389 0.097656 0.213889
3 0.910937 0.878472 0.145313 0.243056
3 0.815234 0.863194 0.125781 0.231944
1 0.287500 0.610417 0.173438 0.343056
1 0.136328 0.436111 0.114844 0.447222
3 0.058203 0.450694 0.108594 0.301389
1 0.051562 0.159028 0.100000 0.268056
