3 0.439844 0.622222 0.120312 0.238889
1 0.717188 0.872917 0.192188 0.254167
3 0.678906 0.562500 0.106250 0.305556
1 0.614062 0.579861 0.120312 0.448611
3 0.556641 0.343750 0.114844 0.262500
3 0.779688 0.393750 0.140625 0.226389
3 0.937109 0.593750 0.116406 0.254167
1 0.428906 0.395833 0.212500 0.302778
3 0.489844 0.122917 0.164063 0.234722
0 0.109375 0.609722 0.218750 0.519444
3 0.262500 0.926389 0.107813 0.147222
1 0.350391 0.934722 0.178906 0.130556
1 0.476953 0.948611 0.107031 0.102778
1 0.222656 0.113889 0.198437 0.200000
1 0.100781 0.272917 0.181250 0.179167
