3 0.352734 0.282639 0.199219 0.154167
1 0.587500 0.250000 0.259375 0.238889
3 0.641016 0.413194 0.257031 0.165278
3 0.848437 0.349306 0.204688 0.179167
1 0.892187 0.096528 0.210938 0.156944
3 0.580469 0.646528 0.206250 0.165278
3 0.375000 0.804861 0.210938 0.168056
1 0.174609 0.915972 0.197656 0.168056
1 0.110156 0.570139 0.220313 0.237500
3 0.048437 0.199306 0.096875 0.262500
3 0.067578 0.100000 0.135156 0.136111
1 0.401953 0.466667 0.410156 0.133333
3 0.433203 0.547222 0.285156 0.136111
2 0.936719 0.503472 0.126563 0.262500
