3 0.385156 0.163889 0.153125 0.180556
3 0.357031 0.534722 0.142188 0.213889
3 0.221875 0.508333 0.137500 0.225000
3 0.853125 0.122222 0.132813 0.230556
3 0.760938 0.739583 0.223438 0.256944
3 0.759766 0.894444 0.138281 0.205556
3 0.074609 0.668056 0.088281 0.172222
3 0.035937 0.199306 0.071875 0.176389
1 0.138281 0.211111 0.162500 0.422222
1 0.767578 0.410417 0.222656 0.206944
1 0.922266 0.366667 0.152344 0.294444
1 0.953906 0.138889 0.089062 0.269444
1 0.264844 0.911806 0.260938 0.168056
3 0.025781 0.881944 0.051562 0.197222
2 0.300000 0.116667 0.128125 0.233333
2 0.493750 0.713194 0.354688 0.437500
