2 0.331641 0.585417 0.436719 0.362500
2 0.904688 0.383333 0.190625 0.150000
3 0.823047 0.077778 0.228906 0.155556
3 0.875000 0.461111 0.190625 0.166667
3 0.503906 0.440972 0.210938 0.148611
3 0.526953 0.281944 0.210156 0.186111
3 0.378125 0.149306 0.162500 0.104167
3 0.121094 0.848611 0.242188 0.141667
3 0.307031 0.850694 0.245312 0.226389
1 0.101172 0.340278 0.197656 0.280556
3 0.153516 0.065972 0.202344 0.129167
1 0.811328 0.201389 0.377344 0.116667
3 0.903516 0.933333 0.188281 0.133333
1 0.633594 0.856250 0.225000 0.234722
1 0.729297 0.965278 0.199219 0.069444
