2 0.339063 0.375000 0.364062 0.458333
2 0.570703 0.917361 0.100781 0.159722
1 0.705859 0.829167 0.155469 0.341667
1 0.569531 0.133333 0.278125 0.188889
1 0.095312 0.665972 0.189063 0.223611
3 0.086328 0.343750 0.171094 0.262500
3 0.071094 0.147222 0.140625 0.275000
3 0.891797 0.180556 0.167969 0.213889
3 0.776172 0.392361 0.107031 0.223611
3 0.868359 0.856944 0.160156 0.211111
3 0.967969 0.911111 0.064062 0.166667
3 0.483984 0.539583 0.147656 0.212500
3 0.624609 0.564583 0.142969 0.231944
3 0.469922 0.913889 0.142969 0.172222
