3 0.066016 0.385417 0.128906 0.151389
2 0.056641 0.505556 0.113281 0.091667
3 0.571094 0.701389 0.209375 0.116667
3 0.766016 0.807639 0.196094 0.159722
3 0.382813 0.556250 0.237500 0.162500
3 0.410937 0.397917 0.209375 0.154167
2 0.585156 0.243750 0.434375 0.354167
3 0.817969 0.024306 0.223438 0.048611
3 0.628125 0.047222 0.225000 0.091667
1 0.816797 0.493750 0.203906 0.306944
1 0.138672 0.637500 0.275781 0.194444
3 0.110156 0.790278 0.209375 0.161111
3 0.075391 0.912500 0.150781 0.116667
1 0.926562 0.859028 0.140625 0.134722
