3 0.416797 0.304861 0.124219 0.295833
3 0.098047 0.296528 0.152344 0.337500
3 0.070313 0.662500 0.128125 0.391667
1 0.310937 0.483333 0.296875 0.550000
3 0.279297 0.761806 0.119531 0.281944
0 0.623828 0.831250 0.196094 0.337500
2 0.553516 0.592361 0.102344 0.254167
1 0.629687 0.452778 0.117188 0.269444
1 0.708594 0.301389 0.220313 0.247222
3 0.759375 0.506944 0.148438 0.188889
1 0.897656 0.668056 0.200000 0.241667
1 0.868750 0.769444 0.131250 0.450000
0 0.719141 0.743056 0.246094 0.397222
2 0.871094 0.358333 0.181250 0.277778
2 0.416016 0.094444 0.241406 0.186111
1 0.606641 0.072917 0.091406 0.104167
