1 0.186328 0.284722 0.363281 0.338889
1 0.142578 0.100694 0.272656 0.123611
1 0.443359 0.599306 0.221094 0.309722
3 0.407422 0.388889 0.133594 0.150000
2 0.289063 0.576389 0.209375 0.327778
2 0.750391 0.853472 0.314844 0.293056
3 0.758203 0.604167 0.149219 0.330556
1 0.835156 0.327083 0.309375 0.648611
3 0.727344 0.219444 0.151562 0.297222
2 0.630469 0.318056 0.117188 0.272222
0 0.566016 0.096528 0.222656 0.193056
0 0.428906 0.176389 0.250000 0.313889
1 0.539063 0.488194 0.125000 0.281944
1 0.554297 0.884722 0.119531 0.230556
