3 0.190625 0.772222 0.137500 0.241667
1 0.537109 0.766667 0.158594 0.466667
1 0.858203 0.475000 0.133594 0.258333
3 0.918359 0.693056 0.160156 0.272222
1 0.735156 0.701389 0.237500 0.338889
3 0.530469 0.349306 0.117188 0.281944
3 0.594141 0.183333 0.092969 0.122222
2 0.619922 0.367361 0.178906 0.268056
1 0.266406 0.315972 0.260938 0.431944
3 0.166016 0.110417 0.111719 0.193056
1 0.054297 0.725000 0.108594 0.233333
0 0.035547 0.485417 0.071094 0.268056
1 0.863281 0.184722 0.121875 0.266667
1 0.603125 0.065278 0.184375 0.130556
3 0.428125 0.108333 0.176563 0.175000
