0 0.653906 0.398611 0.412500 0.327778
3 0.874219 0.305556 0.182812 0.183333
2 0.613672 0.770833 0.325781 0.163889
1 0.244141 0.663889 0.486719 0.211111
3 0.220313 0.340278 0.254687 0.188889
1 0.245703 0.161806 0.207031 0.293056
1 0.483984 0.120833 0.271094 0.202778
1 0.290234 0.871528 0.310156 0.237500
1 0.927344 0.752778 0.135937 0.211111
3 0.896484 0.545833 0.199219 0.188889
3 0.778516 0.716667 0.128906 0.169444
3 0.646094 0.673611 0.259375 0.180556
3 0.889453 0.055556 0.199219 0.094444
1 0.817187 0.954861 0.228125 0.090278
