3 0.525000 0.197222 0.107813 0.255556
1 0.726172 0.234028 0.222656 0.223611
0 0.472656 0.637500 0.312500 0.408333
3 0.570703 0.822917 0.128906 0.243056
3 0.321094 0.880556 0.175000 0.230556
1 0.150391 0.913194 0.202344 0.162500
3 0.206250 0.633333 0.129688 0.272222
1 0.183594 0.235417 0.178125 0.443056
1 0.057031 0.311111 0.114063 0.258333
2 0.102344 0.599306 0.165625 0.309722
3 0.156641 0.722917 0.117969 0.195833
3 0.857031 0.888889 0.184375 0.222222
4 0.937891 0.086806 0.111719 0.145833
3 0.967969 0.618750 0.064062 0.154167
1 0.901563 0.580556 0.139062 0.341667
