1 0.130469 0.589583 0.184375 0.265278
1 0.093359 0.827083 0.186719 0.290278
3 0.206641 0.956250 0.099219 0.087500
3 0.383984 0.528472 0.163281 0.193056
1 0.720703 0.793750 0.164844 0.412500
3 0.863281 0.492361 0.121875 0.204167
1 0.883203 0.223611 0.133594 0.436111
2 0.957812 0.331944 0.081250 0.319444
3 0.971484 0.641667 0.052344 0.225000
1 0.701953 0.140278 0.274219 0.275000
3 0.260547 0.093056 0.174219 0.175000
1 0.664063 0.408333 0.157813 0.272222
3 0.115234 0.106944 0.097656 0.152778
3 0.916016 0.854861 0.132031 0.254167
1 0.901172 0.695833 0.160156 0.316667
