2 0.147266 0.686111 0.291406 0.294444
2 0.367969 0.619444 0.187500 0.563889
1 0.223047 0.446528 0.266406 0.312500
1 0.058594 0.412500 0.115625 0.238889
0 0.096875 0.204861 0.179688 0.340278
1 0.244922 0.153472 0.074219 0.254167
1 0.330078 0.154861 0.092969 0.295833
0 0.507031 0.257639 0.340625 0.390278
1 0.686719 0.040972 0.204688 0.070833
1 0.837109 0.123611 0.321094 0.216667
3 0.931250 0.429167 0.123438 0.297222
2 0.829687 0.468056 0.170312 0.472222
3 0.732031 0.579861 0.112500 0.243056
3 0.735547 0.796528 0.163281 0.259722
1 0.880859 0.792361 0.180469 0.404167
3 0.966016 0.719444 0.067969 0.363889
1 0.520312 0.751389 0.289063 0.397222
3 0.224219 0.820139 0.123438 0.265278
