2 0.300391 0.295833 0.339844 0.341667
2 0.363672 0.516667 0.482031 0.255556
0 0.765625 0.675000 0.381250 0.405556
0 0.804297 0.206944 0.305469 0.350000
1 0.644531 0.179167 0.251563 0.230556
1 0.498828 0.157639 0.194531 0.187500
1 0.144531 0.125000 0.254687 0.125000
3 0.186328 0.890972 0.260156 0.151389
1 0.248828 0.657639 0.300781 0.312500
3 0.413672 0.895139 0.221094 0.087500
2 0.684375 0.854167 0.301562 0.258333
2 0.480859 0.947917 0.371094 0.104167
1 0.891406 0.391667 0.217187 0.119444
1 0.864844 0.472222 0.265625 0.230556
1 0.953906 0.831250 0.092188 0.229167
1 0.582422 0.367361 0.328906 0.270833
