1 0.362109 0.382639 0.328906 0.301389
1 0.110937 0.245139 0.218750 0.162500
1 0.093359 0.336111 0.174219 0.141667
1 0.621094 0.733333 0.198437 0.302778
3 0.749219 0.340278 0.204688 0.169444
2 0.570703 0.200000 0.469531 0.244444
0 0.237891 0.106250 0.444531 0.193056
3 0.329297 0.779861 0.369531 0.206944
3 0.825781 0.612500 0.301562 0.191667
0 0.160547 0.517361 0.282031 0.329167
1 0.303516 0.533333 0.230469 0.213889
1 0.450000 0.551389 0.189063 0.197222
1 0.926953 0.290278 0.111719 0.161111
1 0.713281 0.076389 0.339063 0.133333
