3 0.552734 0.792361 0.138281 0.345833
2 0.743359 0.610417 0.333594 0.287500
1 0.808984 0.329861 0.253906 0.331944
1 0.564062 0.397917 0.214062 0.245833
1 0.581250 0.247222 0.237500 0.283333
1 0.406250 0.581250 0.290625 0.179167
2 0.372656 0.288889 0.235938 0.400000
1 0.105469 0.273611 0.192188 0.319444
2 0.938672 0.537500 0.121094 0.558333
1 0.826172 0.067361 0.091406 0.134722
1 0.903516 0.107639 0.088281 0.204167
0 0.960547 0.140972 0.078906 0.204167
1 0.850391 0.929167 0.185156 0.141667
0 0.648047 0.140972 0.257031 0.245833
0 0.101953 0.131944 0.186719 0.250000
