1 0.298047 0.345139 0.296094 0.187500
1 0.146875 0.508333 0.209375 0.225000
1 0.146484 0.679861 0.219531 0.220833
1 0.243750 0.801389 0.173438 0.211111
1 0.053125 0.654861 0.106250 0.434722
2 0.057031 0.264583 0.100000 0.262500
1 0.629297 0.659028 0.200781 0.351389
0 0.443750 0.904861 0.184375 0.190278
0 0.104687 0.859722 0.198437 0.280556
0 0.679688 0.834722 0.267188 0.330556
1 0.837109 0.236111 0.182031 0.280556
1 0.871875 0.421528 0.165625 0.248611
2 0.669531 0.450000 0.304688 0.319444
2 0.258594 0.945833 0.085938 0.100000
2 0.321484 0.931250 0.077344 0.120833
