1 0.210547 0.140972 0.128906 0.129167
1 0.267578 0.718056 0.282031 0.241667
1 0.110547 0.818056 0.203906 0.172222
1 0.920313 0.347917 0.159375 0.215278
1 0.898828 0.565278 0.153906 0.313889
1 0.832031 0.551389 0.209375 0.261111
1 0.868750 0.847917 0.262500 0.176389
1 0.153906 0.959722 0.193750 0.080556
3 0.678906 0.509722 0.181250 0.111111
3 0.458594 0.934028 0.153125 0.131944
3 0.549219 0.201389 0.156250 0.172222
3 0.589063 0.065278 0.190625 0.130556
3 0.697656 0.304861 0.207813 0.156944
3 0.731641 0.176389 0.224219 0.150000
3 0.929688 0.225694 0.140625 0.137500
