1 0.253516 0.950694 0.213281 0.098611
1 0.234766 0.431250 0.130469 0.131944
1 0.860547 0.852778 0.210156 0.261111
1 0.925781 0.847222 0.148438 0.305556
1 0.928906 0.623611 0.142188 0.197222
1 0.948438 0.093056 0.103125 0.186111
1 0.938672 0.327778 0.122656 0.233333
1 0.350781 0.107639 0.345313 0.215278
3 0.537109 0.117361 0.182031 0.145833
3 0.494531 0.249306 0.262500 0.145833
3 0.613281 0.337500 0.192188 0.155556
3 0.573047 0.490278 0.155469 0.158333
3 0.757813 0.456944 0.214062 0.152778
3 0.722266 0.594444 0.202344 0.152778
3 0.707812 0.790972 0.182812 0.115278
