1 0.083594 0.139583 0.167187 0.279167
1 0.085547 0.563194 0.171094 0.248611
1 0.251953 0.506944 0.135156 0.188889
1 0.729688 0.447917 0.132813 0.220833
1 0.744141 0.892361 0.125781 0.215278
1 0.116406 0.868056 0.215625 0.263889
1 0.506250 0.597917 0.290625 0.206944
1 0.688281 0.738194 0.107813 0.248611
2 0.728125 0.122222 0.340625 0.244444
2 0.362500 0.165972 0.203125 0.087500
3 0.509375 0.081944 0.106250 0.163889
3 0.240625 0.225000 0.121875 0.097222
3 0.826172 0.319444 0.122656 0.122222
2 0.803516 0.623611 0.163281 0.280556
3 0.870313 0.523611 0.104687 0.111111
3 0.181250 0.379167 0.115625 0.097222
3 0.303125 0.931250 0.173438 0.137500
3 0.419922 0.815972 0.161719 0.162500
3 0.619531 0.902778 0.192188 0.094444
3 0.611719 0.732639 0.128125 0.123611
3 0.584375 0.512500 0.165625 0.119444
1 0.408203 0.030556 0.169531 0.061111
