2 0.756641 0.356944 0.347656 0.269444
1 0.084375 0.889583 0.168750 0.220833
1 0.255469 0.823611 0.139062 0.197222
1 0.091797 0.429861 0.183594 0.379167
1 0.485938 0.245833 0.282813 0.144444
1 0.525000 0.905556 0.303125 0.188889
1 0.754687 0.734722 0.139062 0.241667
1 0.555859 0.120139 0.180469 0.195833
1 0.413281 0.125000 0.109375 0.172222
1 0.283984 0.041667 0.172656 0.083333
3 0.256641 0.518056 0.125781 0.100000
3 0.187109 0.697222 0.119531 0.097222
3 0.848828 0.570139 0.125781 0.126389
3 0.891406 0.795833 0.125000 0.133333
3 0.122266 0.138889 0.164844 0.094444
3 0.176172 0.059722 0.192969 0.094444
3 0.603516 0.805556 0.167969 0.136111
2 0.380859 0.443056 0.208594 0.072222
