0 0.298047 0.042361 0.275781 0.084722
1 0.104297 0.767361 0.208594 0.420833
1 0.488672 0.925694 0.221094 0.148611
1 0.806250 0.938194 0.140625 0.123611
1 0.517969 0.503472 0.290625 0.159722
1 0.591406 0.352778 0.184375 0.186111
1 0.446094 0.369444 0.114063 0.177778
1 0.385156 0.209028 0.164063 0.184722
1 0.257422 0.234722 0.286719 0.180556
2 0.410547 0.718056 0.217969 0.083333
2 0.799219 0.600000 0.364062 0.297222
2 0.533203 0.220139 0.186719 0.131944
3 0.809766 0.063194 0.121094 0.126389
3 0.568750 0.598611 0.110937 0.175000
3 0.894922 0.822222 0.130469 0.136111
3 0.282031 0.814583 0.132813 0.112500
3 0.144141 0.409028 0.172656 0.098611
3 0.200000 0.325694 0.201562 0.098611
3 0.491797 0.090972 0.142969 0.134722
1 0.546875 0.024306 0.276563 0.048611
