1 0.179297 0.422917 0.010156 0.004167
0 0.316797 0.293056 0.335156 0.247222
2 0.835156 0.868056 0.329688 0.263889
2 0.529688 0.068056 0.323438 0.136111
2 0.570703 0.506250 0.191406 0.154167
3 0.228906 0.668056 0.209375 0.119444
3 0.170703 0.765278 0.178906 0.125000
3 0.823828 0.220139 0.142969 0.131944
3 0.595703 0.108333 0.135156 0.086111
3 0.747266 0.043056 0.105469 0.086111
3 0.373828 0.168056 0.086719 0.069444
1 0.107031 0.325000 0.214062 0.108333
1 0.288281 0.558333 0.298438 0.150000
1 0.484375 0.688194 0.121875 0.195833
1 0.421094 0.518056 0.167187 0.183333
1 0.633594 0.647222 0.198437 0.194444
1 0.560938 0.831944 0.303125 0.219444
1 0.596094 0.236111 0.360938 0.180556
3 0.613281 0.921528 0.121875 0.156944
3 0.527344 0.382639 0.142188 0.120833
1 0.473047 0.104861 0.138281 0.093056
1 0.141016 0.971528 0.189844 0.056944
