0 0.375391 0.879167 0.369531 0.241667
1 0.674609 0.802083 0.402344 0.204167
1 0.098828 0.966667 0.197656 0.066667
1 0.239063 0.461111 0.137500 0.147222
1 0.260547 0.228472 0.160156 0.248611
1 0.660937 0.255556 0.153125 0.083333
1 0.668750 0.335417 0.243750 0.145833
1 0.855078 0.550694 0.213281 0.090278
2 0.741406 0.161111 0.235938 0.230556
2 0.602344 0.563889 0.345313 0.147222
2 0.386719 0.311111 0.073437 0.066667
3 0.428906 0.712500 0.098438 0.136111
3 0.353906 0.395833 0.168750 0.127778
3 0.673047 0.650000 0.142969 0.086111
3 0.906641 0.618750 0.166406 0.115278
3 0.457031 0.035417 0.123438 0.070833
3 0.471094 0.129861 0.126563 0.126389
3 0.530078 0.231250 0.138281 0.131944
3 0.825000 0.471528 0.114063 0.112500
3 0.704297 0.018056 0.085156 0.036111
2 0.673047 0.434028 0.094531 0.143056
1 0.553906 0.652778 0.203125 0.138889
