0 0.529688 0.122917 0.273438 0.190278
1 0.696875 0.072917 0.079687 0.143056
1 0.130859 0.093056 0.172656 0.183333
1 0.298438 0.692361 0.167187 0.270833
1 0.272656 0.940972 0.140625 0.118056
1 0.730078 0.658333 0.157031 0.108333
1 0.748047 0.765278 0.260156 0.186111
2 0.393359 0.550000 0.188281 0.222222
2 0.433203 0.770139 0.080469 0.070833
2 0.660547 0.254167 0.169531 0.088889
2 0.813281 0.547222 0.265625 0.247222
2 0.791016 0.258333 0.080469 0.055556
3 0.783984 0.315278 0.128906 0.119444
3 0.046094 0.324306 0.092188 0.145833
3 0.078125 0.180556 0.129688 0.161111
3 0.323828 0.219444 0.171094 0.080556
3 0.507422 0.397917 0.133594 0.134722
3 0.623047 0.495833 0.138281 0.080556
3 0.523438 0.528472 0.134375 0.123611
3 0.587500 0.647917 0.145313 0.137500
3 0.883984 0.552778 0.082031 0.083333
2 0.681250 0.977083 0.304688 0.045833
2 0.746484 0.874306 0.108594 0.170833
3 0.402734 0.872222 0.182031 0.150000
3 0.744922 0.409722 0.110156 0.091667
3 0.908203 0.875000 0.119531 0.116667
