0 0.570313 0.476389 0.287500 0.202778
1 0.143359 0.500000 0.200781 0.230556
1 0.748828 0.357639 0.089844 0.218056
1 0.688672 0.194444 0.099219 0.200000
2 0.404687 0.938889 0.171875 0.122222
2 0.835938 0.909028 0.207813 0.181944
2 0.706641 0.609722 0.177344 0.111111
2 0.842969 0.604167 0.085938 0.066667
3 0.497266 0.288889 0.132031 0.097222
3 0.082813 0.619444 0.145313 0.169444
3 0.353516 0.640278 0.177344 0.083333
3 0.046484 0.800000 0.092969 0.155556
3 0.389844 0.813889 0.148438 0.113889
3 0.543359 0.823611 0.146094 0.155556
3 0.562109 0.949306 0.146094 0.101389
3 0.669922 0.913889 0.149219 0.105556
3 0.839063 0.675000 0.137500 0.136111
3 0.937500 0.942361 0.109375 0.115278
3 0.793750 0.793750 0.118750 0.123611
