0 0.764844 0.652778 0.262500 0.288889
0 0.677344 0.079861 0.267188 0.159722
1 0.042578 0.132639 0.085156 0.223611
1 0.525000 0.359028 0.137500 0.154167
1 0.581641 0.217361 0.138281 0.212500
1 0.688281 0.201389 0.140625 0.100000
1 0.474219 0.053472 0.215625 0.104167
1 0.460156 0.268750 0.117188 0.106944
2 0.257813 0.467361 0.237500 0.181944
1 0.142578 0.459028 0.285156 0.159722
3 0.239063 0.627778 0.157813 0.138889
3 0.544531 0.488889 0.143750 0.105556
3 0.364062 0.306944 0.173438 0.116667
3 0.380469 0.380556 0.154687 0.094444
3 0.851563 0.870833 0.157813 0.147222
