0 0.756250 0.614583 0.309375 0.218056
1 0.044531 0.858333 0.089062 0.283333
1 0.828906 0.489583 0.142188 0.168056
1 0.650000 0.836111 0.151562 0.316667
1 0.764063 0.793750 0.156250 0.154167
1 0.532422 0.606944 0.238281 0.130556
1 0.689453 0.324306 0.142969 0.179167
1 0.724219 0.213889 0.171875 0.158333
1 0.516797 0.922222 0.127344 0.111111
3 0.417188 0.956944 0.171875 0.086111
3 0.562891 0.515278 0.125781 0.094444
3 0.520312 0.361806 0.126563 0.106944
3 0.608203 0.190278 0.113281 0.133333
3 0.784375 0.375694 0.060938 0.068056
3 0.732031 0.086111 0.106250 0.080556
3 0.210156 0.026389 0.114063 0.052778
