0 0.791797 0.913889 0.324219 0.172222
1 0.553906 0.941667 0.248437 0.116667
1 0.871094 0.798611 0.150000 0.161111
1 0.720703 0.609028 0.150781 0.195833
1 0.756250 0.502778 0.189063 0.197222
1 0.669531 0.240972 0.201562 0.212500
2 0.294141 0.040972 0.153906 0.081944
3 0.224609 0.262500 0.138281 0.175000
3 0.542578 0.665972 0.135156 0.118056
3 0.589453 0.838889 0.132031 0.119444
3 0.509375 0.166667 0.118750 0.122222
3 0.634375 0.467361 0.120312 0.123611
3 0.821094 0.663889 0.064062 0.080556
3 0.752734 0.327083 0.114844 0.090278
3 0.551562 0.081250 0.143750 0.070833
3 0.062500 0.869444 0.125000 0.105556
1 0.012500 0.144444 0.025000 0.166667
