1 0.695703 0.473611 0.207031 0.213889
1 0.786719 0.768056 0.214062 0.230556
1 0.754297 0.875000 0.163281 0.205556
1 0.698438 0.158333 0.210938 0.177778
1 0.560547 0.035417 0.238281 0.070833
2 0.300781 0.254167 0.170312 0.133333
2 0.409766 0.091667 0.377344 0.183333
1 0.013281 0.431944 0.026563 0.166667
3 0.237109 0.534722 0.146094 0.175000
3 0.575000 0.304861 0.151562 0.076389
3 0.531250 0.397222 0.120312 0.116667
3 0.568750 0.940278 0.140625 0.119444
3 0.788281 0.550694 0.109375 0.093056
3 0.860156 0.922222 0.065625 0.088889
