1 0.610937 0.552083 0.256250 0.112500
1 0.542969 0.250694 0.123438 0.265278
1 0.751953 0.428472 0.211719 0.145833
1 0.689453 0.454167 0.244531 0.150000
1 0.775781 0.046528 0.146875 0.093056
2 0.442969 0.635417 0.417188 0.218056
2 0.319531 0.903472 0.190625 0.154167
0 0.513281 0.452778 0.318750 0.152778
3 0.834766 0.393750 0.114844 0.084722
3 0.625391 0.893056 0.171094 0.122222
3 0.574609 0.963889 0.128906 0.072222
3 0.230078 0.344444 0.132031 0.102778
3 0.391406 0.361111 0.140625 0.080556
3 0.388281 0.055556 0.145313 0.075000
3 0.062500 0.570833 0.125000 0.083333
3 0.769531 0.311111 0.128125 0.100000
