3 0.322656 0.324306 0.153125 0.179167
3 0.346484 0.568056 0.132031 0.216667
3 0.396484 0.756944 0.155469 0.144444
3 0.512500 0.288889 0.167187 0.250000
1 0.305859 0.816667 0.088281 0.255556
1 0.300781 0.920833 0.131250 0.158333
1 0.418750 0.879167 0.173438 0.241667
1 0.514063 0.444444 0.229687 0.169444
1 0.619922 0.575694 0.216406 0.387500
3 0.853906 0.618750 0.289063 0.262500
0 0.148438 0.450000 0.256250 0.313889
0 0.043359 0.220833 0.086719 0.361111
1 0.253516 0.114583 0.171094 0.198611
1 0.715234 0.091667 0.314844 0.169444
0 0.888281 0.256250 0.198437 0.437500
