3 0.376563 0.483333 0.192188 0.163889
1 0.499219 0.636806 0.103125 0.243056
3 0.645703 0.479861 0.178906 0.165278
3 0.666797 0.675000 0.227344 0.150000
1 0.893750 0.853472 0.210938 0.293056
1 0.879297 0.407639 0.228906 0.234722
1 0.954297 0.281250 0.091406 0.126389
0 0.764453 0.126389 0.402344 0.208333
0 0.520703 0.289583 0.291406 0.304167
3 0.189844 0.551389 0.178125 0.163889
1 0.083203 0.569444 0.163281 0.205556
1 0.105469 0.454167 0.195313 0.158333
3 0.303125 0.909722 0.253125 0.180556
1 0.366797 0.747917 0.211719 0.229167
