3 0.392578 0.335417 0.128906 0.220833
3 0.403516 0.597222 0.133594 0.200000
1 0.442969 0.850694 0.212500 0.276389
0 0.573438 0.488889 0.237500 0.313889
0 0.716016 0.727083 0.227344 0.426389
1 0.616016 0.900694 0.194531 0.198611
1 0.918750 0.707639 0.117188 0.265278
3 0.905469 0.095833 0.126563 0.177778
1 0.285937 0.087500 0.131250 0.169444
1 0.430859 0.163889 0.111719 0.272222
3 0.324219 0.172917 0.157813 0.220833
1 0.128516 0.373611 0.232031 0.255556
1 0.214453 0.458333 0.225781 0.163889
3 0.207031 0.620139 0.179688 0.226389
1 0.252344 0.847917 0.125000 0.218056
2 0.090234 0.866667 0.167969 0.266667
