3 0.098047 0.379167 0.153906 0.147222
1 0.202344 0.324306 0.320313 0.256944
1 0.143750 0.138194 0.215625 0.151389
3 0.357422 0.102778 0.252344 0.150000
1 0.536719 0.123611 0.134375 0.180556
3 0.658594 0.270139 0.209375 0.209722
0 0.536328 0.434722 0.277344 0.263889
0 0.264844 0.607639 0.404687 0.284722
3 0.410937 0.298611 0.200000 0.172222
3 0.844531 0.209028 0.195313 0.187500
1 0.939453 0.156250 0.111719 0.151389
3 0.632813 0.945139 0.134375 0.109722
3 0.935156 0.782639 0.129688 0.140278
1 0.269141 0.814583 0.282031 0.209722
