3 0.167969 0.560417 0.154687 0.204167
2 0.058203 0.533333 0.114844 0.313889
3 0.371094 0.897222 0.145313 0.205556
1 0.380078 0.279861 0.139844 0.220833
0 0.550391 0.272222 0.267969 0.438889
0 0.741406 0.517361 0.257813 0.329167
1 0.836719 0.197917 0.204688 0.329167
3 0.779297 0.121528 0.114844 0.162500
1 0.648438 0.095139 0.217187 0.173611
3 0.859375 0.654167 0.148438 0.191667
1 0.853125 0.859722 0.115625 0.280556
3 0.926953 0.808333 0.146094 0.225000
1 0.960938 0.540972 0.078125 0.162500
1 0.216797 0.765278 0.121094 0.227778
1 0.342187 0.721528 0.185937 0.315278
