1 0.137500 0.736111 0.264062 0.480556
3 0.077734 0.542361 0.128906 0.218056
1 0.706641 0.879861 0.128906 0.240278
3 0.917969 0.619444 0.110937 0.319444
1 0.736328 0.177083 0.213281 0.326389
1 0.548047 0.058333 0.125781 0.113889
0 0.364062 0.120833 0.309375 0.227778
3 0.473047 0.241667 0.146094 0.119444
1 0.843359 0.134028 0.178906 0.256944
3 0.918750 0.248611 0.148438 0.216667
1 0.955469 0.243750 0.087500 0.445833
3 0.875391 0.398611 0.097656 0.219444
1 0.505469 0.924306 0.242188 0.131944
1 0.618359 0.957639 0.186719 0.084722
