3 0.605859 0.480556 0.247656 0.147222
2 0.560938 0.355556 0.451562 0.141667
1 0.182031 0.686806 0.342187 0.181944
1 0.117969 0.590972 0.198437 0.162500
3 0.236328 0.515972 0.174219 0.137500
1 0.224219 0.415278 0.417188 0.211111
3 0.382031 0.513889 0.168750 0.150000
3 0.228516 0.948611 0.089844 0.102778
3 0.423438 0.272222 0.220313 0.116667
3 0.223047 0.270833 0.227344 0.175000
1 0.961719 0.770833 0.076563 0.263889
3 0.837500 0.222222 0.201562 0.194444
1 0.962109 0.255556 0.075781 0.266667
2 0.691797 0.231250 0.296094 0.206944
