3 0.369531 0.601389 0.114063 0.261111
1 0.159766 0.185417 0.185156 0.318056
1 0.261328 0.125000 0.114844 0.163889
3 0.314844 0.237500 0.120312 0.200000
1 0.447656 0.212500 0.200000 0.388889
3 0.564453 0.192361 0.122656 0.256944
3 0.566016 0.415278 0.122656 0.200000
2 0.489453 0.583333 0.178906 0.441667
0 0.802734 0.776389 0.342969 0.425000
1 0.778516 0.259028 0.361719 0.337500
3 0.623438 0.864583 0.117188 0.162500
1 0.443750 0.894444 0.295312 0.211111
1 0.969531 0.627083 0.060938 0.245833
3 0.329297 0.374306 0.097656 0.168056
