3 0.411719 0.218056 0.267188 0.141667
3 0.569531 0.417361 0.209375 0.140278
3 0.792188 0.400000 0.237500 0.200000
3 0.761328 0.163889 0.197656 0.163889
1 0.814062 0.057639 0.282813 0.101389
1 0.888281 0.113889 0.207813 0.161111
2 0.637500 0.807639 0.478125 0.223611
0 0.249609 0.653472 0.467969 0.318056
1 0.100000 0.862500 0.195313 0.155556
1 0.144922 0.805556 0.244531 0.158333
1 0.044531 0.491667 0.089062 0.183333
1 0.126172 0.304167 0.239844 0.266667
1 0.400781 0.893750 0.260938 0.212500
2 0.601953 0.908333 0.186719 0.183333
3 0.779297 0.938194 0.135156 0.123611
