0 0.539062 0.886111 0.345313 0.177778
1 0.783203 0.276389 0.200781 0.244444
1 0.733984 0.108333 0.132031 0.144444
0 0.753125 0.024306 0.190625 0.048611
1 0.567578 0.617361 0.136719 0.293056
1 0.787891 0.791667 0.227344 0.147222
1 0.724219 0.843056 0.276563 0.175000
1 0.637891 0.464583 0.235156 0.204167
1 0.103516 0.129861 0.207031 0.123611
3 0.381641 0.049306 0.135156 0.098611
3 0.358594 0.143056 0.176563 0.177778
3 0.596484 0.200000 0.167969 0.097222
3 0.101562 0.333333 0.203125 0.122222
3 0.201953 0.131944 0.171094 0.108333
3 0.155078 0.214583 0.099219 0.087500
3 0.400781 0.395139 0.157813 0.079167
3 0.858984 0.738889 0.155469 0.111111
3 0.406641 0.761111 0.152344 0.105556
1 0.642578 0.940278 0.274219 0.116667
