3 0.334766 0.202083 0.144531 0.176389
1 0.230469 0.131944 0.195313 0.261111
1 0.567578 0.504167 0.132031 0.377778
1 0.446094 0.585417 0.157813 0.165278
1 0.693359 0.504861 0.217969 0.456944
1 0.713672 0.777778 0.285156 0.158333
3 0.853516 0.326389 0.094531 0.341667
1 0.767187 0.159722 0.159375 0.305556
1 0.643750 0.259028 0.167187 0.306944
2 0.538281 0.188194 0.217187 0.370833
1 0.378125 0.720833 0.293750 0.500000
3 0.251953 0.896528 0.169531 0.198611
3 0.107031 0.864583 0.203125 0.229167
3 0.106641 0.713889 0.097656 0.177778
3 0.048828 0.176389 0.096094 0.191667
