1 0.433203 0.303472 0.313281 0.512500
3 0.751953 0.188889 0.216406 0.275000
3 0.582812 0.180556 0.187500 0.252778
3 0.898828 0.252778 0.157031 0.261111
1 0.898438 0.530556 0.203125 0.344444
3 0.516406 0.855556 0.143750 0.152778
1 0.273047 0.563194 0.121094 0.406944
1 0.135156 0.328472 0.270312 0.209722
1 0.140625 0.570833 0.240625 0.436111
1 0.069141 0.848611 0.138281 0.302778
1 0.178516 0.800694 0.163281 0.320833
2 0.301172 0.852778 0.227344 0.294444
3 0.722266 0.369444 0.107031 0.161111
3 0.949609 0.077778 0.100781 0.150000
3 0.058984 0.073611 0.113281 0.133333
1 0.631250 0.913889 0.176563 0.172222
