3 0.801953 0.482639 0.228906 0.170833
3 0.778125 0.654167 0.253125 0.216667
3 0.598047 0.638194 0.171094 0.140278
1 0.660156 0.334028 0.539063 0.370833
1 0.388672 0.182639 0.374219 0.170833
1 0.446094 0.288889 0.220313 0.186111
1 0.627734 0.113194 0.202344 0.212500
1 0.375391 0.097917 0.439844 0.187500
2 0.126172 0.218056 0.252344 0.230556
3 0.112500 0.411111 0.218750 0.166667
1 0.446094 0.863889 0.250000 0.263889
3 0.698047 0.831250 0.180469 0.198611
3 0.800781 0.932639 0.256250 0.134722
3 0.921094 0.873611 0.137500 0.169444
3 0.950000 0.556250 0.100000 0.220833
1 0.934375 0.177083 0.131250 0.281944
