1 0.896484 0.352778 0.152344 0.455556
2 0.845703 0.100000 0.199219 0.197222
3 0.653516 0.057639 0.138281 0.095833
3 0.439063 0.525000 0.092188 0.219444
3 0.412500 0.700000 0.209375 0.244444
3 0.583594 0.740278 0.165625 0.216667
3 0.551953 0.935417 0.188281 0.129167
3 0.162500 0.898611 0.160938 0.202778
3 0.113281 0.737500 0.146875 0.294444
3 0.235156 0.652083 0.170312 0.256944
1 0.238672 0.353472 0.272656 0.226389
1 0.728516 0.580556 0.300781 0.547222
1 0.539844 0.525000 0.154687 0.227778
1 0.877344 0.879861 0.242188 0.240278
