1 0.270703 0.513889 0.205469 0.577778
1 0.103906 0.522917 0.207813 0.398611
1 0.173438 0.882639 0.346875 0.234722
3 0.482812 0.701389 0.167187 0.330556
3 0.405859 0.500694 0.124219 0.301389
3 0.542188 0.438194 0.137500 0.212500
3 0.735547 0.466667 0.194531 0.269444
3 0.915625 0.490278 0.165625 0.255556
3 0.880859 0.715972 0.217969 0.201389
3 0.756641 0.306250 0.077344 0.193056
1 0.890234 0.301389 0.196094 0.227778
1 0.539844 0.155556 0.265625 0.236111
0 0.380078 0.197917 0.199219 0.393056
3 0.101172 0.739583 0.202344 0.181944
1 0.620703 0.856250 0.124219 0.287500
