3 0.545313 0.472917 0.276563 0.162500
3 0.361328 0.568750 0.288281 0.193056
3 0.629297 0.596528 0.221094 0.173611
3 0.596875 0.794444 0.237500 0.233333
3 0.358594 0.913194 0.175000 0.173611
1 0.176953 0.704167 0.341406 0.127778
3 0.072656 0.572222 0.145313 0.188889
3 0.029687 0.361806 0.059375 0.226389
1 0.143359 0.231944 0.210156 0.336111
3 0.321484 0.155556 0.124219 0.308333
1 0.536328 0.161111 0.335156 0.297222
1 0.525000 0.320833 0.573438 0.161111
0 0.843359 0.402778 0.313281 0.225000
1 0.861719 0.555556 0.256250 0.283333
3 0.775781 0.826389 0.175000 0.091667
3 0.609766 0.948611 0.171094 0.102778
1 0.058203 0.860417 0.113281 0.226389
