3 0.432813 0.600694 0.118750 0.262500
3 0.362500 0.391667 0.167187 0.288889
3 0.328906 0.120833 0.126563 0.233333
3 0.518359 0.058333 0.177344 0.116667
1 0.663672 0.166667 0.310156 0.227778
3 0.932422 0.189583 0.119531 0.162500
3 0.912109 0.122917 0.166406 0.231944
3 0.803906 0.350000 0.265625 0.161111
1 0.789063 0.570833 0.260938 0.344444
1 0.567187 0.554861 0.181250 0.593056
1 0.321484 0.895833 0.250781 0.208333
3 0.106641 0.670833 0.211719 0.241667
3 0.090625 0.811806 0.096875 0.179167
3 0.031641 0.455556 0.055469 0.136111
1 0.211328 0.243750 0.130469 0.384722
1 0.094531 0.097222 0.189063 0.155556
3 0.307813 0.685417 0.143750 0.240278
0 0.501562 0.854167 0.192188 0.291667
