3 0.364844 0.364583 0.287500 0.126389
3 0.537500 0.270833 0.289063 0.183333
3 0.284766 0.236111 0.236719 0.141667
3 0.872266 0.233333 0.213281 0.127778
3 0.926172 0.437500 0.144531 0.183333
1 0.755859 0.606944 0.196094 0.330556
3 0.587500 0.738194 0.165625 0.331944
1 0.368359 0.710417 0.314844 0.279167
1 0.392969 0.491667 0.592188 0.247222
0 0.116406 0.411111 0.229687 0.241667
3 0.727734 0.863889 0.138281 0.172222
3 0.852344 0.825694 0.195313 0.134722
1 0.740234 0.145139 0.336719 0.176389
3 0.304688 0.086806 0.217187 0.165278
1 0.094141 0.237500 0.188281 0.275000
