0 0.666406 0.095139 0.287500 0.190278
1 0.632422 0.381944 0.135156 0.091667
1 0.719531 0.577778 0.303125 0.230556
1 0.530078 0.940972 0.136719 0.115278
1 0.296875 0.406944 0.201562 0.138889
2 0.436719 0.118750 0.335938 0.229167
2 0.642969 0.234722 0.085938 0.111111
1 0.776172 0.047917 0.117969 0.090278
2 0.320703 0.913889 0.213281 0.169444
3 0.769141 0.877083 0.160156 0.120833
3 0.513672 0.292361 0.161719 0.143056
3 0.458594 0.043750 0.117188 0.073611
3 0.168359 0.959722 0.103906 0.077778
3 0.135547 0.820139 0.264844 0.159722
3 0.044141 0.915278 0.088281 0.127778
