0 0.747266 0.718056 0.322656 0.269444
0 0.491797 0.849306 0.391406 0.295833
1 0.309375 0.606944 0.332812 0.111111
1 0.115234 0.299306 0.150781 0.254167
1 0.420312 0.038194 0.145313 0.073611
1 0.648047 0.058333 0.261719 0.116667
1 0.866406 0.477778 0.168750 0.211111
1 0.822266 0.596528 0.222656 0.140278
2 0.257031 0.690972 0.220313 0.101389
2 0.716406 0.906944 0.104687 0.125000
3 0.109766 0.073611 0.142969 0.130556
3 0.535156 0.407639 0.204688 0.118056
3 0.711328 0.383333 0.124219 0.150000
3 0.656641 0.188889 0.113281 0.119444
3 0.513672 0.701389 0.141406 0.080556
3 0.533594 0.610417 0.145313 0.109722
3 0.105859 0.656944 0.189844 0.133333
3 0.043359 0.586806 0.086719 0.148611
