0 0.507812 0.300000 0.273438 0.311111
1 0.130859 0.243750 0.178906 0.220833
1 0.351953 0.435417 0.291406 0.195833
1 0.664062 0.454861 0.296875 0.204167
1 0.718750 0.259722 0.196875 0.180556
1 0.836719 0.249306 0.143750 0.104167
1 0.892969 0.904861 0.165625 0.184722
1 0.407813 0.047222 0.146875 0.091667
2 0.812109 0.102778 0.180469 0.205556
1 0.082813 0.852778 0.165625 0.291667
3 0.546875 0.926389 0.226562 0.136111
3 0.732422 0.854861 0.135156 0.173611
3 0.669141 0.623611 0.117969 0.138889
3 0.074609 0.580556 0.149219 0.133333
3 0.294531 0.052778 0.100000 0.105556
3 0.521875 0.056250 0.092188 0.093056
3 0.625781 0.056944 0.115625 0.113889
