0 0.513672 0.660417 0.299219 0.290278
1 0.108594 0.621528 0.200000 0.254167
1 0.346875 0.802083 0.303125 0.184722
1 0.679297 0.800694 0.302344 0.270833
1 0.719922 0.560417 0.236719 0.170833
1 0.851953 0.536806 0.166406 0.112500
2 0.826953 0.381944 0.178906 0.225000
1 0.418750 0.290972 0.185937 0.212500
3 0.280859 0.341667 0.119531 0.183333
3 0.526563 0.345833 0.098438 0.097222
3 0.631641 0.331944 0.133594 0.111111
3 0.599609 0.235417 0.157031 0.115278
3 0.566406 0.086111 0.135937 0.136111
3 0.791406 0.089583 0.150000 0.179167
3 0.074219 0.963889 0.148438 0.069444
1 0.634375 0.052083 0.229687 0.104167
