0 0.256641 0.384722 0.374219 0.288889
0 0.600391 0.204861 0.342969 0.201389
0 0.809375 0.618056 0.240625 0.188889
1 0.623828 0.340972 0.260156 0.073611
1 0.573828 0.673611 0.253906 0.227778
1 0.106641 0.584028 0.213281 0.259722
1 0.098438 0.240278 0.196875 0.244444
1 0.244922 0.096528 0.116406 0.129167
1 0.064062 0.124306 0.128125 0.231944
3 0.561328 0.444444 0.116406 0.127778
3 0.770312 0.297222 0.100000 0.119444
3 0.803125 0.484028 0.112500 0.112500
3 0.527734 0.919444 0.194531 0.158333
3 0.887500 0.664583 0.092188 0.093056
