0 0.597266 0.636806 0.369531 0.237500
0 0.224219 0.857639 0.414062 0.281944
0 0.638672 0.086806 0.252344 0.170833
1 0.698828 0.270833 0.161719 0.211111
1 0.076953 0.710417 0.153906 0.245833
1 0.041016 0.573611 0.082031 0.188889
1 0.215625 0.524306 0.132812 0.137500
1 0.623828 0.756944 0.283594 0.102778
1 0.786328 0.048611 0.224219 0.097222
3 0.084375 0.229861 0.142188 0.118056
1 0.271875 0.347222 0.226562 0.166667
3 0.576172 0.265972 0.116406 0.090278
3 0.778906 0.672917 0.106250 0.112500
3 0.557813 0.874306 0.126563 0.140278
3 0.816406 0.877778 0.120312 0.127778
3 0.206250 0.034028 0.112500 0.068056
