0 0.650391 0.535417 0.272656 0.243056
1 0.761719 0.150000 0.240625 0.102778
1 0.803906 0.466667 0.254687 0.091667
1 0.717969 0.754167 0.168750 0.213889
1 0.231641 0.899306 0.272656 0.193056
1 0.068750 0.652083 0.137500 0.248611
1 0.273828 0.285417 0.227344 0.190278
3 0.559375 0.214583 0.132812 0.129167
3 0.116016 0.121528 0.188281 0.112500
3 0.174609 0.535417 0.142969 0.143056
3 0.334766 0.548611 0.149219 0.161111
3 0.065625 0.840278 0.131250 0.127778
3 0.583594 0.761111 0.125000 0.116667
3 0.752344 0.370139 0.115625 0.123611
2 0.319922 0.409028 0.200781 0.143056
