0 0.663281 0.211111 0.329688 0.116667
0 0.301953 0.090972 0.305469 0.181944
1 0.543359 0.430556 0.124219 0.213889
1 0.542188 0.661111 0.200000 0.202778
1 0.382812 0.641667 0.223438 0.194444
1 0.789453 0.468750 0.130469 0.162500
1 0.780859 0.661111 0.121094 0.208333
1 0.816016 0.773611 0.157031 0.227778
1 0.841797 0.929167 0.147656 0.138889
1 0.720703 0.937500 0.172656 0.122222
1 0.441797 0.787500 0.152344 0.133333
3 0.499609 0.143056 0.130469 0.141667
3 0.474219 0.018056 0.093750 0.036111
3 0.301562 0.193750 0.137500 0.106944
1 0.082813 0.056944 0.164062 0.111111
3 0.259766 0.747222 0.199219 0.141667
3 0.270703 0.835417 0.169531 0.123611
3 0.680469 0.734028 0.126563 0.129167
3 0.794531 0.350000 0.128125 0.108333
1 0.753906 0.246528 0.229687 0.093056
3 0.559375 0.263889 0.135937 0.097222
3 0.687109 0.430556 0.132031 0.122222
