0 0.711719 0.622917 0.354688 0.151389
0 0.323828 0.520833 0.330469 0.269444
0 0.537891 0.129861 0.217969 0.256944
1 0.614062 0.299306 0.195312 0.095833
1 0.767969 0.090278 0.192188 0.177778
1 0.580078 0.886111 0.136719 0.225000
1 0.850391 0.897917 0.152344 0.179167
1 0.257422 0.220139 0.357031 0.120833
1 0.462891 0.291667 0.152344 0.088889
1 0.162109 0.370833 0.178906 0.272222
1 0.041016 0.282639 0.080469 0.195833
1 0.087109 0.530556 0.171094 0.125000
3 0.324609 0.706250 0.150781 0.123611
3 0.844922 0.750694 0.132031 0.129167
3 0.733203 0.865972 0.141406 0.140278
3 0.498828 0.384028 0.119531 0.104167
3 0.531641 0.573611 0.138281 0.136111
3 0.250000 0.074306 0.134375 0.087500
