0 0.562891 0.442361 0.230469 0.268056
0 0.748828 0.925000 0.377344 0.147222
0 0.329688 0.862500 0.350000 0.272222
1 0.262891 0.569444 0.377344 0.086111
1 0.039062 0.666667 0.075000 0.194444
1 0.155078 0.770833 0.186719 0.269444
1 0.725000 0.260417 0.259375 0.079167
1 0.805078 0.342361 0.182031 0.168056
1 0.637109 0.631944 0.211719 0.091667
2 0.446094 0.109722 0.285937 0.105556
2 0.170703 0.370139 0.203906 0.145833
3 0.255859 0.395833 0.141406 0.111111
3 0.516797 0.697222 0.124219 0.116667
3 0.553516 0.916667 0.147656 0.136111
3 0.680859 0.138194 0.125781 0.106944
1 0.496875 0.311111 0.164062 0.094444
