0 0.564062 0.829861 0.237500 0.309722
1 0.253516 0.961111 0.396094 0.075000
1 0.816797 0.661806 0.186719 0.201389
1 0.728906 0.590972 0.267188 0.106944
1 0.498047 0.664583 0.177344 0.090278
1 0.603125 0.502083 0.157813 0.106944
2 0.448438 0.461806 0.296875 0.129167
2 0.629687 0.244444 0.156250 0.119444
2 0.730859 0.158333 0.266406 0.088889
2 0.611719 0.083333 0.331250 0.136111
3 0.683203 0.449306 0.128906 0.101389
3 0.745313 0.277778 0.100000 0.125000
3 0.845312 0.056250 0.057813 0.109722
3 0.784375 0.056250 0.076563 0.098611
3 0.271484 0.115278 0.178906 0.127778
3 0.162500 0.061806 0.110937 0.079167
3 0.389062 0.129861 0.084375 0.079167
1 0.087500 0.175694 0.175000 0.162500
