0 0.563672 0.829167 0.238281 0.311111
1 0.730469 0.594444 0.267188 0.108333
1 0.819531 0.663889 0.170312 0.200000
1 0.255859 0.961111 0.392969 0.075000
2 0.447266 0.463194 0.296094 0.131944
2 0.158984 0.777778 0.211719 0.161111
2 0.611328 0.081250 0.333594 0.137500
2 0.731641 0.156944 0.261719 0.083333
2 0.626562 0.240972 0.160938 0.123611
3 0.272656 0.120833 0.176563 0.133333
3 0.164062 0.062500 0.120312 0.086111
3 0.480078 0.200000 0.160156 0.105556
3 0.779688 0.056944 0.082813 0.088889
3 0.748828 0.278472 0.096094 0.134722
3 0.684375 0.453472 0.134375 0.112500
3 0.244922 0.790972 0.146094 0.143056
