0 0.668750 0.270833 0.268750 0.177778
0 0.148047 0.260417 0.296094 0.320833
1 0.293359 0.434028 0.342969 0.087500
1 0.078516 0.545139 0.141406 0.270833
3 0.116016 0.183333 0.132031 0.169444
3 0.441797 0.682639 0.110156 0.170833
3 0.157422 0.872222 0.314844 0.222222
3 0.512891 0.918750 0.233594 0.159722
3 0.502734 0.790278 0.232031 0.241667
3 0.764844 0.059028 0.095312 0.106944
3 0.866406 0.312500 0.137500 0.108333
3 0.725781 0.413889 0.153125 0.088889
3 0.462500 0.267361 0.160938 0.101389
3 0.337109 0.326389 0.263281 0.155556
2 0.580078 0.454861 0.113281 0.148611
2 0.486719 0.440278 0.090625 0.150000
2 0.872656 0.082639 0.132812 0.134722
3 0.695703 0.145833 0.127344 0.127778
3 0.737109 0.542361 0.138281 0.120833
3 0.785547 0.754861 0.152344 0.129167
