0 0.671875 0.440972 0.275000 0.187500
0 0.145703 0.484028 0.291406 0.326389
1 0.287109 0.641667 0.350781 0.113889
1 0.067188 0.781944 0.134375 0.280556
2 0.582812 0.641667 0.121875 0.152778
2 0.487109 0.635417 0.091406 0.154167
2 0.881250 0.239583 0.154687 0.137500
3 0.841016 0.074306 0.178906 0.129167
3 0.641797 0.084028 0.150781 0.143056
3 0.103516 0.408333 0.128906 0.163889
3 0.465234 0.358333 0.092969 0.113889
3 0.748047 0.732639 0.144531 0.140278
3 0.447266 0.895833 0.116406 0.191667
3 0.218359 0.292361 0.150781 0.131944
3 0.414453 0.263194 0.133594 0.134722
3 0.461719 0.454167 0.170312 0.105556
3 0.879687 0.479861 0.140625 0.126389
