0 0.686328 0.720139 0.294531 0.226389
0 0.146875 0.831250 0.293750 0.334722
0 0.252344 0.179861 0.284375 0.281944
3 0.248047 0.177778 0.158594 0.150000
3 0.080859 0.771528 0.136719 0.181944
3 0.651563 0.348611 0.157813 0.125000
3 0.420312 0.555556 0.123438 0.141667
2 0.689844 0.179861 0.306250 0.220833
2 0.935547 0.150694 0.097656 0.187500
2 0.894531 0.490972 0.184375 0.134722
2 0.587891 0.929167 0.122656 0.138889
2 0.489062 0.924306 0.095312 0.145833
3 0.582422 0.135417 0.183594 0.151389
3 0.855859 0.328472 0.186719 0.137500
3 0.202344 0.621528 0.151562 0.151389
3 0.142969 0.431250 0.200000 0.162500
3 0.436719 0.057639 0.175000 0.115278
