0 0.248047 0.470833 0.296094 0.327778
0 0.694531 0.934722 0.298438 0.127778
2 0.702734 0.444444 0.322656 0.197222
2 0.933984 0.375694 0.096094 0.187500
2 0.907812 0.745833 0.184375 0.141667
2 0.437500 0.204167 0.185937 0.127778
2 0.330078 0.157639 0.275781 0.279167
3 0.245312 0.484722 0.165625 0.147222
3 0.588281 0.384722 0.185937 0.136111
3 0.872266 0.582639 0.199219 0.145833
3 0.661719 0.617361 0.164062 0.112500
3 0.750391 0.110417 0.135156 0.095833
3 0.728516 0.823611 0.142969 0.133333
3 0.844531 0.798611 0.110937 0.147222
3 0.656250 0.259028 0.104687 0.095833
