0 0.849609 0.547222 0.300781 0.388889
0 0.802344 0.139583 0.262500 0.240278
1 0.584766 0.136806 0.094531 0.270833
1 0.207813 0.845833 0.285937 0.238889
1 0.116797 0.085417 0.207031 0.162500
1 0.117969 0.159722 0.193750 0.191667
1 0.260547 0.240972 0.183594 0.295833
2 0.316406 0.452083 0.129688 0.220833
3 0.468750 0.213889 0.110937 0.163889
3 0.480469 0.104861 0.114063 0.112500
3 0.478125 0.790972 0.171875 0.206944
3 0.908203 0.828472 0.183594 0.234722
3 0.925391 0.325694 0.142969 0.123611
3 0.969531 0.111111 0.060938 0.161111
