1 0.462500 0.550694 0.173438 0.515278
1 0.257422 0.884028 0.117969 0.231944
1 0.394141 0.822222 0.224219 0.216667
1 0.087109 0.866667 0.174219 0.191667
1 0.089453 0.534028 0.178906 0.195833
1 0.157422 0.372222 0.314844 0.286111
3 0.063672 0.155556 0.127344 0.291667
3 0.408984 0.263889 0.182031 0.238889
3 0.666797 0.854861 0.128906 0.198611
3 0.525391 0.899306 0.119531 0.193056
3 0.051953 0.690972 0.103906 0.223611
0 0.857031 0.501389 0.285937 0.494444
2 0.523828 0.144444 0.147656 0.288889
1 0.379687 0.134028 0.220313 0.262500
