1 0.374219 0.640278 0.206250 0.416667
1 0.248828 0.663889 0.132031 0.411111
1 0.123438 0.736806 0.164063 0.162500
1 0.375781 0.893056 0.276563 0.202778
3 0.512500 0.473611 0.137500 0.327778
0 0.827344 0.302083 0.339063 0.487500
1 0.950000 0.367361 0.082813 0.651389
3 0.583203 0.070139 0.228906 0.129167
1 0.431641 0.293056 0.171094 0.358333
2 0.249219 0.277778 0.225000 0.552778
3 0.057422 0.361111 0.114844 0.238889
1 0.575781 0.728472 0.259375 0.254167
3 0.621094 0.531250 0.184375 0.443056
1 0.601563 0.334028 0.245312 0.518056
