1 0.296094 0.220139 0.190625 0.229167
1 0.354297 0.322917 0.378906 0.179167
2 0.747266 0.306944 0.496094 0.275000
3 0.682031 0.125694 0.179688 0.184722
1 0.823438 0.075000 0.298438 0.150000
1 0.105859 0.471528 0.205469 0.262500
3 0.508984 0.710417 0.403906 0.179167
3 0.547656 0.593056 0.284375 0.116667
1 0.712891 0.506944 0.338281 0.138889
1 0.371094 0.446528 0.420312 0.248611
0 0.744141 0.854861 0.497656 0.279167
0 0.741016 0.705556 0.460156 0.297222
1 0.310547 0.660417 0.224219 0.293056
1 0.186719 0.131250 0.370313 0.256944
