0 0.767578 0.104167 0.464844 0.208333
0 0.439453 0.224306 0.499219 0.304167
2 0.872266 0.833333 0.255469 0.330556
2 0.894922 0.218056 0.210156 0.091667
3 0.716797 0.666667 0.192969 0.183333
3 0.772656 0.795139 0.114063 0.162500
1 0.303125 0.911111 0.421875 0.175000
1 0.129297 0.337500 0.258594 0.333333
1 0.075391 0.113889 0.150781 0.227778
1 0.212109 0.081250 0.236719 0.145833
1 0.394531 0.048611 0.196875 0.097222
1 0.829297 0.286806 0.341406 0.137500
1 0.845312 0.375694 0.309375 0.145833
1 0.525781 0.568056 0.353125 0.391667
