0 0.765625 0.659722 0.468750 0.336111
1 0.846875 0.950000 0.306250 0.097222
1 0.824219 0.871528 0.351562 0.145833
1 0.125781 0.904167 0.251563 0.188889
1 0.069141 0.718750 0.138281 0.301389
1 0.294531 0.256250 0.162500 0.295833
1 0.439453 0.156250 0.238281 0.265278
1 0.621875 0.376389 0.326562 0.200000
1 0.930859 0.255556 0.138281 0.219444
1 0.684375 0.097917 0.445312 0.195833
1 0.562891 0.122222 0.213281 0.202778
1 0.941016 0.501389 0.117969 0.122222
3 0.176563 0.162500 0.206250 0.186111
1 0.287109 0.045833 0.182031 0.091667
3 0.955078 0.410417 0.089844 0.095833
3 0.193750 0.612500 0.121875 0.108333
3 0.305469 0.522917 0.164062 0.095833
2 0.294141 0.353472 0.428906 0.287500
0 0.429297 0.839583 0.521094 0.298611
