0 0.765234 0.893750 0.469531 0.209722
3 0.171094 0.461806 0.217187 0.179167
3 0.296484 0.838889 0.169531 0.105556
3 0.185937 0.929861 0.123438 0.112500
3 0.959375 0.707639 0.081250 0.126389
3 0.557031 0.111111 0.181250 0.141667
3 0.430859 0.038194 0.130469 0.076389
3 0.323438 0.129167 0.234375 0.219444
1 0.931250 0.550000 0.137500 0.208333
1 0.682422 0.339583 0.461719 0.326389
1 0.560547 0.375000 0.208594 0.280556
1 0.310547 0.265972 0.244531 0.234722
1 0.431250 0.459028 0.248437 0.281944
1 0.283594 0.557639 0.168750 0.293056
1 0.622266 0.688889 0.338281 0.225000
1 0.351953 0.945139 0.188281 0.106944
2 0.285156 0.643056 0.439063 0.330556
