3 0.918359 0.073611 0.163281 0.147222
3 0.558203 0.260417 0.182031 0.134722
3 0.413672 0.163194 0.169531 0.126389
3 0.320703 0.286111 0.236719 0.216667
3 0.962500 0.871528 0.075000 0.129167
3 0.167969 0.624306 0.223438 0.187500
2 0.274219 0.826389 0.428125 0.316667
1 0.632031 0.030556 0.409375 0.061111
1 0.285547 0.728472 0.164844 0.315278
1 0.433984 0.633333 0.266406 0.297222
1 0.308203 0.436111 0.250781 0.238889
1 0.561719 0.527083 0.214062 0.281944
1 0.687109 0.517361 0.467969 0.312500
1 0.937891 0.710417 0.124219 0.204167
1 0.623828 0.866667 0.341406 0.247222
