3 0.751172 0.161806 0.232031 0.173611
3 0.625391 0.302778 0.146094 0.136111
3 0.564844 0.443056 0.220313 0.147222
3 0.157422 0.550694 0.197656 0.109722
3 0.072266 0.061111 0.144531 0.122222
2 0.182422 0.404861 0.364844 0.306944
3 0.218359 0.038194 0.144531 0.070833
0 0.379297 0.150694 0.513281 0.245833
1 0.375000 0.652778 0.296875 0.202778
1 0.756250 0.715972 0.265625 0.312500
1 0.907812 0.668056 0.184375 0.122222
1 0.748047 0.552083 0.152344 0.231944
1 0.837500 0.306250 0.325000 0.354167
1 0.938281 0.052778 0.123438 0.105556
1 0.045703 0.835417 0.091406 0.326389
