3 0.052344 0.310417 0.104687 0.101389
3 0.588281 0.204861 0.192188 0.156944
0 0.173828 0.383333 0.347656 0.333333
1 0.046094 0.134028 0.092188 0.268056
1 0.196875 0.065278 0.153125 0.130556
1 0.303516 0.052083 0.199219 0.098611
1 0.819141 0.844444 0.361719 0.194444
1 0.925000 0.958333 0.150000 0.080556
1 0.856250 0.697917 0.287500 0.181944
1 0.728125 0.069444 0.168750 0.138889
1 0.916016 0.125000 0.167969 0.144444
1 0.752344 0.196528 0.184375 0.293056
1 0.877734 0.288889 0.183594 0.241667
1 0.742188 0.472917 0.354688 0.279167
2 0.927734 0.528472 0.144531 0.181944
