0 0.175781 0.659028 0.351562 0.379167
1 0.047656 0.384722 0.095312 0.308333
1 0.233594 0.245139 0.354688 0.223611
1 0.196875 0.315278 0.159375 0.144444
3 0.057813 0.586111 0.112500 0.111111
3 0.471094 0.063889 0.118750 0.127778
3 0.718359 0.102083 0.213281 0.137500
1 0.920313 0.385417 0.159375 0.126389
1 0.890234 0.564583 0.183594 0.290278
1 0.760156 0.463194 0.195312 0.298611
1 0.762109 0.235417 0.216406 0.304167
1 0.751562 0.752778 0.362500 0.300000
1 0.866016 0.940278 0.267969 0.116667
3 0.596094 0.446528 0.196875 0.162500
