3 0.311328 0.493750 0.269531 0.165278
1 0.401172 0.697917 0.346094 0.254167
3 0.803125 0.768750 0.173438 0.151389
3 0.648438 0.969444 0.259375 0.061111
0 0.903906 0.850694 0.192188 0.162500
1 0.721484 0.279167 0.392969 0.177778
3 0.427344 0.172222 0.262500 0.125000
1 0.546875 0.138194 0.296875 0.143056
1 0.284375 0.071528 0.343750 0.131944
1 0.722266 0.088889 0.553906 0.163889
3 0.929297 0.197222 0.141406 0.155556
1 0.901563 0.400694 0.196875 0.401389
3 0.763672 0.402083 0.199219 0.195833
2 0.548047 0.342361 0.327344 0.134722
1 0.109375 0.214583 0.214062 0.187500
3 0.077344 0.084722 0.154687 0.150000
