1 0.199219 0.459722 0.226563 0.341667
3 0.392578 0.345833 0.164844 0.275000
3 0.143750 0.834028 0.146875 0.184722
3 0.524609 0.802083 0.139844 0.193056
1 0.649609 0.745833 0.138281 0.422222
1 0.515234 0.918750 0.310156 0.162500
3 0.737891 0.932639 0.110156 0.134722
1 0.876953 0.733333 0.133594 0.533333
1 0.779297 0.617361 0.160156 0.456944
1 0.857813 0.308333 0.168750 0.408333
3 0.751562 0.459722 0.090625 0.277778
3 0.872266 0.102083 0.089844 0.201389
1 0.954297 0.550694 0.091406 0.618056
0 0.066797 0.900000 0.133594 0.200000
2 0.576953 0.576389 0.111719 0.330556
1 0.699609 0.138889 0.132031 0.269444
