3 0.885156 0.797222 0.229687 0.113889
1 0.862891 0.639583 0.247656 0.176389
3 0.635547 0.327778 0.258594 0.158333
1 0.504687 0.145833 0.343750 0.288889
3 0.125781 0.086111 0.221875 0.166667
1 0.057422 0.415278 0.114844 0.333333
1 0.199219 0.583333 0.398438 0.169444
2 0.385156 0.496528 0.342187 0.134722
3 0.497266 0.663194 0.282031 0.129167
1 0.641406 0.763889 0.407813 0.241667
1 0.382813 0.727778 0.343750 0.186111
1 0.253516 0.788889 0.500781 0.211111
1 0.369141 0.874306 0.638281 0.231944
3 0.169141 0.450694 0.196094 0.176389
