1 0.296484 0.555556 0.139844 0.372222
3 0.283203 0.855556 0.130469 0.252778
3 0.204297 0.940972 0.133594 0.118056
3 0.401563 0.440278 0.092188 0.305556
1 0.377734 0.284722 0.149219 0.483333
1 0.279297 0.234028 0.146094 0.465278
1 0.180078 0.354861 0.153906 0.687500
1 0.073047 0.819444 0.146094 0.238889
1 0.469531 0.846528 0.134375 0.295833
1 0.764063 0.564583 0.129688 0.270833
1 0.922656 0.488889 0.154687 0.338889
3 0.968750 0.077778 0.062500 0.147222
3 0.637109 0.115972 0.185156 0.181944
2 0.605859 0.331944 0.128906 0.336111
1 0.514063 0.186806 0.171875 0.359722
