3 0.185937 0.350694 0.282813 0.204167
3 0.066406 0.260417 0.132813 0.170833
1 0.699219 0.237500 0.589063 0.172222
1 0.450000 0.385417 0.406250 0.195833
1 0.802734 0.367361 0.394531 0.248611
1 0.717578 0.443056 0.322656 0.138889
3 0.587109 0.472917 0.285156 0.101389
1 0.841797 0.584722 0.308594 0.119444
2 0.712500 0.657639 0.318750 0.120833
3 0.467187 0.840278 0.282813 0.186111
1 0.201172 0.546528 0.344531 0.148611
1 0.198437 0.119444 0.331250 0.236111
3 0.920313 0.716667 0.151562 0.225000
1 0.514844 0.935417 0.265625 0.129167
