3 0.557031 0.220139 0.132813 0.268056
3 0.638672 0.110417 0.157031 0.220833
3 0.434375 0.636111 0.084375 0.316667
1 0.332422 0.863889 0.141406 0.266667
2 0.271484 0.750000 0.117969 0.361111
3 0.087109 0.516667 0.161719 0.277778
1 0.535937 0.511111 0.157813 0.472222
1 0.660156 0.717361 0.175000 0.565278
1 0.553125 0.833333 0.142188 0.333333
1 0.464453 0.790278 0.119531 0.405556
1 0.823047 0.263194 0.266406 0.351389
1 0.920703 0.078472 0.158594 0.154167
3 0.954297 0.298611 0.091406 0.294444
3 0.766406 0.656944 0.112500 0.286111
2 0.868359 0.686111 0.261719 0.408333
1 0.940625 0.784028 0.118750 0.156944
3 0.215234 0.931250 0.130469 0.137500
1 0.381641 0.243750 0.139844 0.356944
