3 0.308203 0.356250 0.282031 0.126389
1 0.442187 0.456250 0.431250 0.170833
3 0.720703 0.300694 0.321094 0.198611
3 0.733594 0.482639 0.278125 0.148611
3 0.884375 0.566667 0.231250 0.197222
1 0.702734 0.748611 0.285156 0.277778
1 0.899219 0.875694 0.164063 0.248611
3 0.660937 0.909722 0.287500 0.180556
3 0.273047 0.829861 0.327344 0.331944
1 0.179688 0.894444 0.159375 0.211111
1 0.265234 0.577778 0.514844 0.147222
1 0.176172 0.497917 0.330469 0.184722
1 0.109766 0.256944 0.219531 0.202778
2 0.197656 0.193750 0.345313 0.120833
3 0.435156 0.082639 0.276563 0.162500
