2 0.265234 0.238889 0.339844 0.325000
1 0.157813 0.120833 0.253125 0.141667
0 0.063672 0.404861 0.127344 0.576389
3 0.145703 0.600000 0.180469 0.319444
1 0.325781 0.675694 0.251563 0.287500
1 0.155859 0.823611 0.311719 0.213889
2 0.601172 0.686806 0.150781 0.276389
2 0.537891 0.846528 0.172656 0.287500
1 0.784766 0.672917 0.160156 0.331944
3 0.725781 0.253472 0.123438 0.323611
1 0.628516 0.376389 0.144531 0.452778
1 0.490625 0.262500 0.162500 0.522222
1 0.613281 0.124306 0.157813 0.245833
1 0.849609 0.100000 0.122656 0.197222
2 0.894922 0.185417 0.111719 0.362500
3 0.044922 0.919444 0.089844 0.127778
