1 0.199609 0.219444 0.182031 0.355556
3 0.171484 0.613194 0.292969 0.215278
3 0.355469 0.652083 0.264062 0.212500
1 0.669141 0.701389 0.442969 0.183333
1 0.783984 0.551389 0.427344 0.155556
1 0.877734 0.695833 0.242969 0.183333
3 0.766797 0.789583 0.275781 0.123611
1 0.936328 0.919444 0.127344 0.147222
1 0.377734 0.854167 0.338281 0.233333
1 0.379297 0.379167 0.288281 0.255556
3 0.427344 0.228472 0.271875 0.212500
0 0.619922 0.114583 0.511719 0.223611
2 0.808984 0.347222 0.328906 0.355556
1 0.909766 0.209722 0.135156 0.286111
3 0.075000 0.113194 0.148438 0.159722
