3 0.304297 0.205556 0.172656 0.300000
1 0.238281 0.375694 0.176563 0.304167
1 0.083203 0.432639 0.164844 0.329167
3 0.122266 0.805556 0.144531 0.291667
1 0.202734 0.715972 0.127344 0.543056
1 0.342578 0.803472 0.186719 0.393056
2 0.591797 0.840278 0.311719 0.313889
0 0.842188 0.641667 0.182812 0.525000
3 0.929297 0.276389 0.141406 0.425000
3 0.819141 0.097222 0.107031 0.186111
1 0.707812 0.227083 0.343750 0.215278
1 0.530078 0.420833 0.242969 0.261111
3 0.704687 0.486806 0.164063 0.340278
1 0.705469 0.925000 0.246875 0.144444
