2 0.567969 0.604861 0.210938 0.540278
3 0.375781 0.399306 0.114063 0.334722
1 0.782031 0.373611 0.123438 0.291667
1 0.665625 0.254861 0.200000 0.479167
3 0.232422 0.084028 0.171094 0.156944
1 0.108594 0.779861 0.214062 0.379167
1 0.086719 0.931250 0.148438 0.137500
1 0.590234 0.941667 0.083594 0.116667
3 0.702344 0.940972 0.125000 0.118056
3 0.958594 0.718056 0.082813 0.219444
2 0.927344 0.389583 0.145313 0.379167
3 0.958984 0.138889 0.082031 0.208333
3 0.909375 0.120833 0.151562 0.225000
3 0.724219 0.563194 0.104687 0.173611
1 0.759766 0.091667 0.166406 0.169444
