1 0.253125 0.694444 0.109375 0.461111
3 0.436719 0.896528 0.167187 0.184722
1 0.608984 0.875000 0.166406 0.250000
3 0.686719 0.237500 0.157813 0.300000
1 0.777734 0.295139 0.097656 0.137500
1 0.902734 0.525694 0.169531 0.376389
3 0.879297 0.311806 0.111719 0.187500
1 0.850000 0.135417 0.115625 0.254167
1 0.694141 0.072917 0.244531 0.131944
1 0.225781 0.375694 0.259375 0.251389
3 0.078125 0.114583 0.125000 0.223611
1 0.059766 0.907639 0.103906 0.184722
1 0.113672 0.836111 0.132031 0.144444
1 0.164844 0.918750 0.109375 0.162500
3 0.811719 0.707639 0.143750 0.165278
