0 0.582031 0.752778 0.251563 0.375000
1 0.865234 0.856250 0.227344 0.287500
1 0.792578 0.711806 0.222656 0.354167
1 0.590625 0.409722 0.148438 0.344444
1 0.256641 0.634028 0.114844 0.315278
1 0.395703 0.710417 0.282031 0.370833
3 0.146484 0.584028 0.119531 0.151389
3 0.174609 0.918750 0.150781 0.162500
2 0.042969 0.863194 0.085938 0.273611
3 0.351563 0.948611 0.175000 0.102778
3 0.658984 0.945833 0.139844 0.108333
1 0.908203 0.340278 0.121094 0.250000
2 0.878906 0.115972 0.229687 0.212500
0 0.096094 0.370833 0.192188 0.441667
3 0.658203 0.496528 0.207031 0.290278
