0 0.800781 0.738889 0.321875 0.519444
0 0.642187 0.785417 0.265625 0.423611
0 0.842969 0.111111 0.162500 0.222222
1 0.472266 0.863194 0.267969 0.270833
1 0.417578 0.379861 0.178906 0.451389
1 0.746484 0.277778 0.291406 0.111111
1 0.878906 0.395139 0.242188 0.143056
1 0.557031 0.353472 0.200000 0.126389
1 0.529297 0.246528 0.110156 0.170833
1 0.235938 0.161806 0.145313 0.293056
1 0.141016 0.127778 0.191406 0.255556
2 0.483203 0.612500 0.208594 0.322222
2 0.249219 0.493056 0.173438 0.236111
0 0.148047 0.336806 0.296094 0.281944
2 0.043359 0.536111 0.086719 0.241667
2 0.735156 0.111111 0.073437 0.197222
3 0.502734 0.128472 0.082031 0.156944
3 0.626953 0.147917 0.078906 0.134722
3 0.291406 0.907639 0.151562 0.181944
3 0.159766 0.720833 0.141406 0.272222
