0 0.428516 0.340972 0.297656 0.295833
1 0.758594 0.385417 0.165625 0.493056
1 0.897656 0.348611 0.204688 0.119444
1 0.872266 0.881250 0.255469 0.234722
1 0.278125 0.214583 0.078125 0.201389
1 0.533203 0.156944 0.133594 0.313889
2 0.272656 0.552083 0.209375 0.270833
1 0.229297 0.413889 0.172656 0.216667
2 0.581250 0.497917 0.196875 0.251389
2 0.879687 0.634722 0.240625 0.333333
3 0.524219 0.754167 0.154687 0.300000
3 0.706641 0.929167 0.186719 0.138889
3 0.810547 0.105556 0.099219 0.147222
3 0.945312 0.143750 0.109375 0.143056
2 0.136328 0.346528 0.233594 0.295833
