1 0.402734 0.113889 0.102344 0.227778
1 0.378906 0.315972 0.295312 0.226389
1 0.760547 0.368750 0.225781 0.184722
1 0.300781 0.753472 0.104687 0.165278
1 0.198828 0.695139 0.161719 0.356944
1 0.106250 0.662500 0.181250 0.311111
1 0.071484 0.429167 0.142969 0.133333
1 0.134766 0.297917 0.211719 0.229167
2 0.184375 0.283333 0.132812 0.197222
2 0.331250 0.047222 0.056250 0.094444
2 0.126953 0.160417 0.103906 0.093056
3 0.692578 0.559028 0.200781 0.154167
3 0.485938 0.106250 0.131250 0.154167
3 0.247266 0.100694 0.094531 0.170833
