1 0.555469 0.384028 0.231250 0.276389
1 0.847266 0.726389 0.305469 0.183333
1 0.935156 0.479861 0.129688 0.137500
1 0.419922 0.828472 0.261719 0.145833
1 0.176172 0.834722 0.235156 0.327778
2 0.219531 0.228472 0.312500 0.376389
1 0.794141 0.173611 0.378906 0.211111
3 0.127344 0.429167 0.118750 0.183333
3 0.088281 0.131944 0.143750 0.125000
3 0.372656 0.261806 0.132812 0.195833
3 0.588672 0.287500 0.130469 0.144444
2 0.298047 0.654861 0.105469 0.143056
3 0.071094 0.919444 0.142188 0.158333
1 0.594922 0.777083 0.242969 0.395833
1 0.543359 0.597917 0.278906 0.151389
