1 0.258984 0.244444 0.103906 0.205556
1 0.098047 0.409722 0.142969 0.119444
1 0.076953 0.928472 0.153906 0.140278
1 0.577734 0.845139 0.300781 0.306944
1 0.857813 0.863194 0.284375 0.165278
1 0.912109 0.370139 0.175781 0.273611
1 0.826563 0.200000 0.131250 0.300000
2 0.532031 0.219444 0.300000 0.400000
2 0.683594 0.672917 0.114063 0.154167
3 0.189844 0.125694 0.143750 0.170833
2 0.093750 0.196528 0.114063 0.123611
3 0.210938 0.945833 0.123438 0.105556
3 0.346094 0.887500 0.143750 0.222222
3 0.464844 0.934028 0.153125 0.129167
3 0.697656 0.253472 0.142188 0.198611
3 0.375000 0.137500 0.143750 0.161111
3 0.467969 0.427778 0.095312 0.186111
