1 0.358203 0.392361 0.192969 0.123611
1 0.494922 0.216667 0.099219 0.244444
1 0.868750 0.852083 0.262500 0.293056
2 0.794922 0.204167 0.305469 0.408333
2 0.299219 0.173611 0.117188 0.111111
3 0.401953 0.092361 0.160156 0.170833
3 0.608984 0.113194 0.155469 0.176389
3 0.282031 0.067361 0.096875 0.101389
3 0.051172 0.212500 0.102344 0.197222
3 0.027734 0.431250 0.055469 0.131944
3 0.083984 0.831250 0.155469 0.226389
3 0.518359 0.952083 0.152344 0.093056
3 0.657422 0.893750 0.142969 0.209722
3 0.810938 0.939583 0.171875 0.118056
3 0.950781 0.234722 0.098438 0.216667
1 0.270703 0.934722 0.280469 0.127778
