0 0.505859 0.904167 0.436719 0.188889
1 0.138281 0.770139 0.198437 0.304167
1 0.212109 0.944444 0.160156 0.108333
1 0.066016 0.944444 0.132031 0.108333
1 0.321484 0.209722 0.411719 0.122222
1 0.965625 0.064583 0.068750 0.129167
1 0.953906 0.830556 0.092188 0.336111
1 0.911719 0.903472 0.132812 0.190278
2 0.550000 0.782639 0.254687 0.123611
2 0.770312 0.730556 0.131250 0.269444
1 0.942187 0.510417 0.115625 0.201389
2 0.393359 0.045139 0.124219 0.090278
3 0.978516 0.256944 0.042969 0.233333
3 0.884375 0.754861 0.103125 0.154167
