0 0.373828 0.781944 0.300781 0.294444
0 0.851562 0.063194 0.289062 0.126389
1 0.717578 0.400694 0.192969 0.290278
1 0.149609 0.271528 0.257031 0.240278
1 0.660547 0.091667 0.324219 0.166667
1 0.939062 0.362500 0.121875 0.108333
1 0.937891 0.654167 0.124219 0.297222
3 0.679688 0.204861 0.257812 0.162500
3 0.897656 0.252778 0.204688 0.141667
3 0.552734 0.863889 0.191406 0.186111
3 0.798047 0.962500 0.132031 0.072222
3 0.238281 0.386111 0.104687 0.105556
1 0.416797 0.972222 0.213281 0.052778
2 0.441016 0.038194 0.330469 0.076389
