0 0.445703 0.286806 0.321094 0.190278
1 0.734766 0.063889 0.096094 0.127778
1 0.678906 0.202778 0.106250 0.188889
1 0.650781 0.543056 0.232812 0.275000
1 0.796094 0.609028 0.171875 0.198611
1 0.351562 0.940278 0.271875 0.116667
1 0.334375 0.418056 0.282813 0.216667
2 0.403906 0.692361 0.318750 0.173611
2 0.623828 0.703472 0.072656 0.137500
1 0.448438 0.802083 0.423438 0.179167
3 0.402734 0.157639 0.094531 0.087500
3 0.815234 0.476389 0.116406 0.127778
3 0.157422 0.722222 0.158594 0.175000
3 0.050781 0.726389 0.101562 0.183333
