1 0.226562 0.326389 0.185937 0.236111
1 0.445312 0.484028 0.271875 0.104167
2 0.618750 0.610417 0.214062 0.090278
3 0.776172 0.637500 0.111719 0.083333
1 0.873438 0.661111 0.096875 0.175000
3 0.741797 0.490972 0.166406 0.087500
1 0.727734 0.316667 0.269531 0.205556
1 0.709766 0.239583 0.138281 0.165278
1 0.697656 0.053472 0.095312 0.106944
1 0.233203 0.943750 0.221094 0.109722
0 0.506641 0.881944 0.300781 0.233333
0 0.827344 0.896528 0.226562 0.204167
0 0.650781 0.723611 0.290625 0.177778
1 0.680859 0.884722 0.088281 0.116667
3 0.830859 0.768056 0.094531 0.097222
