0 0.132031 0.817361 0.264062 0.287500
1 0.505469 0.699306 0.300000 0.084722
1 0.720703 0.602778 0.097656 0.102778
1 0.739062 0.679167 0.209375 0.080556
1 0.535547 0.550000 0.346094 0.213889
1 0.399219 0.406944 0.137500 0.208333
1 0.255469 0.598611 0.231250 0.188889
1 0.217969 0.115972 0.157813 0.093056
1 0.127344 0.256250 0.254687 0.165278
1 0.758203 0.061111 0.086719 0.122222
2 0.776953 0.479861 0.210156 0.190278
2 0.340625 0.186806 0.176563 0.131944
1 0.446875 0.065972 0.201562 0.131944
3 0.475000 0.193056 0.115625 0.144444
3 0.690234 0.174306 0.122656 0.112500
3 0.635938 0.048611 0.121875 0.097222
3 0.705469 0.975000 0.096875 0.047222
3 0.229297 0.387500 0.116406 0.102778
