0 0.730859 0.518056 0.216406 0.241667
1 0.416016 0.488194 0.167969 0.184722
1 0.491016 0.583333 0.205469 0.147222
1 0.547266 0.645139 0.102344 0.095833
1 0.117969 0.440278 0.235938 0.105556
2 0.287500 0.136806 0.181250 0.129167
2 0.610156 0.066667 0.146875 0.133333
3 0.632422 0.256250 0.141406 0.109722
3 0.530469 0.465972 0.114063 0.104167
3 0.362109 0.260417 0.264844 0.131944
1 0.424609 0.047222 0.153906 0.094444
3 0.066797 0.307639 0.133594 0.134722
2 0.075391 0.683333 0.150781 0.161111
1 0.704687 0.031944 0.146875 0.063889
