0 0.703516 0.184722 0.199219 0.213889
0 0.290234 0.220139 0.133594 0.229167
0 0.457422 0.158333 0.277344 0.186111
1 0.435156 0.365278 0.143750 0.147222
1 0.709375 0.530556 0.228125 0.155556
1 0.717969 0.639583 0.229687 0.156944
1 0.744922 0.911111 0.158594 0.175000
1 0.091797 0.774306 0.183594 0.279167
2 0.106250 0.264583 0.212500 0.151389
2 0.634766 0.256250 0.108594 0.101389
1 0.734375 0.052083 0.103125 0.076389
3 0.618359 0.042361 0.136719 0.084722
3 0.705078 0.364583 0.107031 0.106944
3 0.496875 0.609722 0.156250 0.102778
3 0.200391 0.285417 0.111719 0.081944
