0 0.473047 0.550694 0.286719 0.218056
0 0.727344 0.533333 0.206250 0.225000
1 0.734375 0.927778 0.248437 0.141667
1 0.757812 0.383333 0.107813 0.091667
1 0.453516 0.793056 0.147656 0.175000
2 0.106250 0.763194 0.212500 0.168056
3 0.692187 0.127083 0.078125 0.090278
3 0.642969 0.376389 0.148438 0.100000
3 0.301953 0.102083 0.122656 0.126389
3 0.411328 0.079167 0.158594 0.097222
3 0.067188 0.425694 0.134375 0.120833
3 0.078125 0.329861 0.156250 0.106944
3 0.058594 0.123611 0.117188 0.141667
3 0.176953 0.707639 0.157031 0.154167
