0 0.657422 0.149306 0.224219 0.218056
0 0.765625 0.865278 0.223438 0.261111
0 0.487891 0.895833 0.313281 0.205556
1 0.423047 0.328472 0.236719 0.109722
1 0.794141 0.691667 0.119531 0.094444
2 0.686719 0.956944 0.126563 0.083333
3 0.727344 0.398611 0.089062 0.100000
3 0.675781 0.691667 0.160938 0.111111
3 0.423828 0.395833 0.172656 0.111111
3 0.305078 0.441667 0.135156 0.127778
3 0.047266 0.516667 0.094531 0.136111
3 0.063672 0.858333 0.127344 0.158333
3 0.069531 0.748611 0.139062 0.111111
1 0.394141 0.086111 0.300781 0.097222
3 0.170312 0.082639 0.154687 0.140278
