0 0.682422 0.364583 0.230469 0.234722
1 0.404297 0.342361 0.316406 0.081944
1 0.734766 0.063889 0.133594 0.127778
1 0.460547 0.572222 0.203906 0.122222
1 0.825781 0.945139 0.128125 0.106944
3 0.308984 0.732639 0.146094 0.140278
3 0.433594 0.667361 0.184375 0.134722
3 0.753906 0.625694 0.096875 0.104167
3 0.810547 0.411111 0.086719 0.086111
1 0.582031 0.208333 0.193750 0.227778
3 0.169531 0.337500 0.170312 0.152778
3 0.047656 0.320139 0.095312 0.112500
3 0.035937 0.852778 0.071875 0.163889
3 0.700391 0.946528 0.174219 0.104167
