0 0.735156 0.558333 0.217187 0.244444
0 0.514063 0.576389 0.270312 0.175000
1 0.737109 0.365972 0.233594 0.123611
1 0.753516 0.197917 0.178906 0.184722
1 0.464844 0.215972 0.171875 0.215278
1 0.650781 0.760417 0.132812 0.118056
1 0.785547 0.644444 0.207031 0.147222
1 0.166406 0.934028 0.281250 0.129167
1 0.357031 0.972222 0.093750 0.052778
3 0.235156 0.884028 0.176563 0.095833
3 0.256250 0.293750 0.182812 0.129167
3 0.385547 0.070139 0.207031 0.140278
3 0.479297 0.036111 0.092969 0.072222
3 0.552734 0.118056 0.127344 0.122222
3 0.578516 0.298611 0.121094 0.091667
