0 0.524219 0.835417 0.289062 0.229167
0 0.746094 0.805556 0.231250 0.258333
1 0.473828 0.443750 0.188281 0.226389
1 0.767578 0.392361 0.186719 0.173611
1 0.752734 0.572222 0.247656 0.161111
1 0.742188 0.675000 0.253125 0.161111
1 0.807813 0.887500 0.215625 0.191667
1 0.717969 0.139583 0.084375 0.215278
1 0.815234 0.077778 0.116406 0.152778
2 0.580469 0.155556 0.131250 0.094444
3 0.468750 0.217361 0.125000 0.118056
3 0.555078 0.320139 0.144531 0.131944
3 0.248437 0.542361 0.192188 0.143056
3 0.585547 0.518750 0.128906 0.104167
