0 0.486328 0.867361 0.372656 0.215278
0 0.546484 0.702778 0.355469 0.275000
1 0.828125 0.896528 0.342187 0.151389
1 0.618750 0.159722 0.179688 0.080556
1 0.810156 0.159722 0.117188 0.175000
3 0.758203 0.194444 0.158594 0.127778
3 0.595703 0.318750 0.132031 0.131944
3 0.392969 0.378472 0.139062 0.129167
3 0.446484 0.063194 0.105469 0.126389
3 0.570703 0.072917 0.142969 0.145833
2 0.854297 0.638194 0.141406 0.240278
3 0.771875 0.491667 0.287500 0.069444
2 0.171875 0.348611 0.106250 0.113889
3 0.347656 0.582639 0.157813 0.098611
2 0.461328 0.285417 0.192969 0.134722
3 0.820703 0.285417 0.113281 0.104167
3 0.834375 0.623611 0.159375 0.116667
