3 0.485156 0.161111 0.398438 0.205556
3 0.279297 0.180556 0.164844 0.150000
0 0.404687 0.383333 0.515625 0.327778
3 0.880078 0.802778 0.236719 0.172222
1 0.957031 0.397917 0.085938 0.306944
1 0.283984 0.682639 0.528906 0.309722
3 0.164063 0.540972 0.312500 0.212500
1 0.055859 0.304167 0.107031 0.255556
0 0.823047 0.922917 0.353906 0.154167
1 0.692578 0.300000 0.196094 0.205556
1 0.144531 0.881250 0.125000 0.237500
3 0.146875 0.831944 0.282813 0.275000
3 0.062109 0.941667 0.110156 0.116667
2 0.783984 0.080556 0.202344 0.144444
