0 0.511719 0.474306 0.309375 0.468056
3 0.766797 0.507639 0.172656 0.401389
3 0.757422 0.338889 0.144531 0.222222
1 0.919531 0.403472 0.160938 0.395833
0 0.736719 0.852083 0.209375 0.287500
3 0.086719 0.181944 0.151562 0.325000
3 0.384375 0.168750 0.131250 0.251389
3 0.456250 0.048611 0.084375 0.083333
1 0.604688 0.080556 0.262500 0.133333
1 0.860156 0.213194 0.209375 0.359722
1 0.632813 0.740972 0.150000 0.273611
3 0.104687 0.891667 0.146875 0.216667
1 0.514063 0.957639 0.293750 0.084722
1 0.232812 0.288194 0.168750 0.426389
2 0.882422 0.822222 0.235156 0.286111
