1 0.464844 0.320833 0.379687 0.286111
3 0.589063 0.506944 0.379687 0.261111
0 0.526953 0.745139 0.502344 0.262500
1 0.791406 0.639583 0.225000 0.195833
2 0.888281 0.360417 0.215625 0.343056
1 0.682422 0.129861 0.182031 0.209722
3 0.479688 0.097917 0.221875 0.168056
3 0.069141 0.186111 0.107031 0.172222
3 0.058594 0.296528 0.114063 0.162500
1 0.112500 0.619444 0.220313 0.386111
3 0.081250 0.820833 0.145313 0.197222
3 0.256250 0.879861 0.315625 0.240278
1 0.228125 0.413194 0.418750 0.290278
1 0.960938 0.188194 0.078125 0.276389
