3 0.406641 0.645833 0.194531 0.475000
0 0.144141 0.586111 0.275781 0.511111
1 0.245312 0.808333 0.156250 0.302778
2 0.540234 0.897222 0.261719 0.188889
1 0.804688 0.684028 0.193750 0.173611
3 0.860547 0.510417 0.194531 0.218056
1 0.596484 0.504167 0.203906 0.366667
1 0.485156 0.259722 0.260938 0.469444
3 0.031250 0.217361 0.057813 0.193056
3 0.083203 0.088889 0.153906 0.141667
1 0.242578 0.125000 0.261719 0.213889
3 0.607813 0.078472 0.143750 0.154167
3 0.751562 0.075000 0.121875 0.136111
2 0.848437 0.237500 0.145313 0.313889
2 0.964063 0.706944 0.071875 0.269444
2 0.909766 0.923611 0.102344 0.152778
0 0.089062 0.795139 0.132813 0.409722
