3 0.303906 0.304861 0.359375 0.204167
0 0.317578 0.092361 0.338281 0.165278
2 0.066797 0.479167 0.130469 0.322222
1 0.260547 0.716667 0.169531 0.175000
3 0.454688 0.770833 0.207813 0.183333
1 0.740234 0.379861 0.471094 0.229167
1 0.847656 0.130556 0.265625 0.241667
3 0.900000 0.665278 0.189063 0.188889
3 0.969141 0.797917 0.061719 0.137500
1 0.483594 0.507639 0.348437 0.262500
1 0.146875 0.155556 0.225000 0.169444
3 0.071875 0.927083 0.131250 0.145833
2 0.276563 0.906250 0.312500 0.187500
2 0.725391 0.753472 0.219531 0.212500
