3 0.322266 0.411806 0.199219 0.204167
1 0.377734 0.227778 0.161719 0.144444
1 0.584375 0.406250 0.179688 0.368056
3 0.797266 0.276389 0.197656 0.500000
1 0.937109 0.104167 0.125781 0.202778
0 0.950000 0.276389 0.100000 0.363889
1 0.710938 0.689583 0.265625 0.526389
1 0.902734 0.811111 0.194531 0.319444
3 0.565234 0.885417 0.163281 0.229167
3 0.412500 0.853472 0.173438 0.293056
1 0.355469 0.734722 0.179688 0.300000
3 0.284766 0.917361 0.128906 0.165278
2 0.155859 0.251389 0.174219 0.338889
3 0.149609 0.054861 0.141406 0.093056
2 0.659766 0.060417 0.205469 0.118056
