1 0.288672 0.451389 0.272656 0.350000
1 0.454297 0.601389 0.125781 0.186111
1 0.591797 0.690972 0.105469 0.323611
1 0.798437 0.454861 0.250000 0.293056
1 0.932031 0.254861 0.135937 0.248611
1 0.835156 0.754861 0.139062 0.315278
1 0.965625 0.770833 0.068750 0.136111
3 0.687109 0.886111 0.085156 0.227778
3 0.676562 0.176389 0.159375 0.275000
3 0.724219 0.238889 0.142188 0.127778
2 0.592578 0.308333 0.160156 0.316667
0 0.321484 0.151389 0.260156 0.291667
0 0.069531 0.682639 0.139062 0.559722
1 0.132422 0.129861 0.096094 0.215278
2 0.483203 0.872917 0.228906 0.229167
