0 0.785547 0.140278 0.230469 0.280556
0 0.426172 0.143056 0.222656 0.286111
1 0.480078 0.361111 0.327344 0.222222
1 0.330859 0.277083 0.088281 0.098611
1 0.829297 0.405556 0.285156 0.175000
1 0.836719 0.809722 0.326562 0.283333
1 0.588672 0.886806 0.307031 0.223611
1 0.175000 0.838889 0.243750 0.302778
1 0.099609 0.634028 0.199219 0.237500
1 0.246875 0.179861 0.112500 0.162500
1 0.104687 0.114583 0.168750 0.229167
2 0.348047 0.526389 0.172656 0.158333
3 0.619531 0.100694 0.107813 0.123611
3 0.693359 0.262500 0.141406 0.177778
3 0.062891 0.507639 0.125781 0.168056
3 0.155078 0.301389 0.117969 0.172222
