3 0.193750 0.614583 0.121875 0.109722
0 0.766016 0.661111 0.467969 0.333333
0 0.426953 0.833333 0.524219 0.308333
1 0.283984 0.254167 0.152344 0.286111
1 0.436328 0.152083 0.233594 0.254167
1 0.563672 0.125000 0.205469 0.211111
1 0.625781 0.372917 0.325000 0.195833
1 0.070312 0.711806 0.140625 0.318056
1 0.128906 0.903472 0.257812 0.190278
1 0.825000 0.866667 0.350000 0.155556
1 0.828906 0.950000 0.342187 0.097222
1 0.931641 0.257639 0.136719 0.223611
2 0.295312 0.350694 0.428125 0.290278
3 0.302344 0.520139 0.167187 0.095833
3 0.954687 0.411806 0.090625 0.084722
