0 0.558984 0.858333 0.438281 0.280556
1 0.373828 0.404861 0.288281 0.181944
1 0.750000 0.449306 0.257812 0.265278
1 0.902344 0.425000 0.195312 0.100000
1 0.892969 0.601389 0.214062 0.258333
1 0.741797 0.286806 0.147656 0.229167
1 0.833594 0.120833 0.332812 0.238889
1 0.433203 0.090278 0.122656 0.177778
2 0.180469 0.154167 0.360938 0.305556
3 0.161719 0.311806 0.187500 0.106944
3 0.558203 0.197222 0.207031 0.158333
3 0.609375 0.067361 0.168750 0.123611
1 0.043750 0.611806 0.087500 0.398611
1 0.178906 0.550000 0.220313 0.180556
2 0.591797 0.477083 0.271094 0.173611
