0 0.379297 0.150694 0.510156 0.248611
1 0.462109 0.351389 0.191406 0.147222
1 0.304297 0.315278 0.225781 0.200000
1 0.742188 0.529167 0.148438 0.211111
1 0.758203 0.718056 0.263281 0.302778
1 0.901563 0.671528 0.193750 0.123611
1 0.374219 0.658333 0.293750 0.208333
1 0.837891 0.304167 0.324219 0.352778
2 0.182422 0.406250 0.364844 0.304167
2 0.562109 0.729861 0.197656 0.162500
3 0.563672 0.445139 0.216406 0.140278
3 0.622656 0.305556 0.145313 0.130556
3 0.753125 0.161806 0.229687 0.187500
3 0.164844 0.551389 0.203125 0.113889
1 0.042969 0.834028 0.085938 0.329167
3 0.070312 0.069444 0.140625 0.138889
