0 0.378516 0.499306 0.517969 0.290278
1 0.746094 0.877778 0.171875 0.241667
1 0.479297 0.715278 0.236719 0.219444
1 0.402734 0.948611 0.241406 0.100000
2 0.177734 0.761806 0.355469 0.306944
1 0.940234 0.277083 0.119531 0.298611
3 0.126953 0.174306 0.161719 0.187500
3 0.072656 0.352083 0.145313 0.209722
3 0.209375 0.362500 0.154687 0.119444
3 0.152734 0.897917 0.196094 0.115278
3 0.569922 0.793750 0.203906 0.143056
3 0.622656 0.643056 0.148438 0.161111
3 0.750781 0.495139 0.235938 0.179167
1 0.836719 0.640278 0.326562 0.397222
