0 0.380078 0.689583 0.524219 0.334722
1 0.207813 0.094444 0.326562 0.186111
1 0.483203 0.900694 0.246094 0.195833
1 0.941016 0.456944 0.117969 0.300000
1 0.840234 0.811806 0.319531 0.373611
1 0.292188 0.860417 0.214062 0.193056
2 0.807031 0.079861 0.385938 0.156944
2 0.184375 0.907639 0.368750 0.181944
3 0.124219 0.352083 0.168750 0.176389
3 0.071875 0.545139 0.143750 0.198611
3 0.210156 0.545139 0.159375 0.120833
3 0.760156 0.680556 0.232812 0.183333
3 0.640625 0.826389 0.140625 0.169444
3 0.609766 0.951389 0.144531 0.094444
