0 0.175391 0.385417 0.350781 0.337500
1 0.754687 0.198611 0.182812 0.302778
1 0.914844 0.117361 0.170312 0.145833
1 0.878125 0.291667 0.184375 0.236111
1 0.743750 0.474306 0.357812 0.268056
1 0.858594 0.690972 0.282813 0.168056
1 0.817578 0.845833 0.364844 0.188889
1 0.925391 0.958333 0.149219 0.080556
1 0.212109 0.890972 0.424219 0.215278
2 0.926562 0.528472 0.146875 0.184722
3 0.057031 0.315278 0.114063 0.094444
3 0.585547 0.204167 0.194531 0.155556
1 0.532812 0.076389 0.257812 0.152778
1 0.726172 0.070833 0.172656 0.136111
1 0.259766 0.069444 0.280469 0.138889
