0 0.317187 0.294444 0.340625 0.252778
1 0.287500 0.559722 0.296875 0.158333
1 0.483594 0.693750 0.120312 0.184722
1 0.419141 0.518056 0.171094 0.188889
1 0.562500 0.829861 0.303125 0.223611
1 0.635156 0.650000 0.195312 0.191667
1 0.594141 0.231944 0.364844 0.177778
1 0.106641 0.329167 0.213281 0.116667
2 0.528125 0.068750 0.321875 0.134722
2 0.833984 0.866667 0.332031 0.263889
3 0.531641 0.380556 0.149219 0.136111
3 0.617969 0.920833 0.123438 0.155556
3 0.171484 0.768750 0.178906 0.126389
3 0.230078 0.666667 0.211719 0.133333
3 0.593359 0.106250 0.133594 0.087500
3 0.821094 0.224306 0.145313 0.129167
3 0.746484 0.044444 0.107031 0.088889
2 0.569531 0.506250 0.190625 0.151389
3 0.369531 0.165972 0.090625 0.073611
