0 0.373047 0.880556 0.374219 0.236111
1 0.258594 0.225694 0.157813 0.248611
1 0.235156 0.461111 0.128125 0.144444
1 0.660937 0.256250 0.145313 0.090278
1 0.666797 0.336111 0.241406 0.144444
1 0.671484 0.798611 0.403906 0.194444
1 0.855859 0.542361 0.213281 0.084722
2 0.740625 0.163194 0.235938 0.223611
2 0.349609 0.126389 0.175781 0.205556
2 0.601562 0.565278 0.351562 0.141667
2 0.671875 0.436111 0.098438 0.138889
2 0.383203 0.311111 0.066406 0.063889
3 0.353125 0.397222 0.171875 0.127778
3 0.528516 0.233333 0.138281 0.127778
3 0.470313 0.128472 0.126563 0.126389
3 0.569531 0.110417 0.118750 0.084722
3 0.456641 0.035417 0.124219 0.070833
3 0.673828 0.650000 0.147656 0.094444
3 0.902734 0.624306 0.182031 0.123611
