1 0.142969 0.498611 0.196875 0.230556
0 0.570703 0.476389 0.292969 0.202778
1 0.748828 0.361111 0.091406 0.208333
1 0.686719 0.193056 0.092188 0.200000
1 0.077734 0.236111 0.155469 0.288889
2 0.834375 0.907639 0.204688 0.181944
2 0.706250 0.604861 0.179688 0.118056
2 0.848047 0.598611 0.094531 0.072222
3 0.838672 0.670833 0.136719 0.133333
3 0.792188 0.790972 0.110937 0.131944
3 0.938281 0.940278 0.106250 0.116667
3 0.670703 0.917361 0.149219 0.104167
3 0.562891 0.946528 0.146094 0.104167
3 0.544531 0.825000 0.146875 0.158333
3 0.389844 0.818750 0.143750 0.123611
3 0.353906 0.637500 0.178125 0.086111
3 0.056641 0.803472 0.113281 0.170833
3 0.500000 0.290278 0.140625 0.102778
3 0.081641 0.618056 0.147656 0.177778
2 0.403125 0.936806 0.175000 0.123611
