0 0.675000 0.078472 0.267188 0.156944
0 0.765234 0.653472 0.264844 0.293056
1 0.523828 0.347917 0.139844 0.190278
1 0.710156 0.271528 0.153125 0.118056
1 0.693750 0.197917 0.123438 0.101389
1 0.458203 0.269444 0.116406 0.111111
1 0.475391 0.057639 0.217969 0.115278
1 0.578516 0.226389 0.133594 0.216667
1 0.136719 0.456944 0.273438 0.169444
2 0.259375 0.467361 0.243750 0.181944
1 0.046094 0.134028 0.092188 0.220833
3 0.237891 0.627083 0.160156 0.148611
3 0.544922 0.488194 0.146094 0.115278
3 0.364062 0.306250 0.176563 0.120833
3 0.382031 0.379861 0.153125 0.095833
3 0.035547 0.328472 0.071094 0.118056
3 0.855859 0.874306 0.158594 0.151389
