0 0.721094 0.331944 0.292188 0.211111
0 0.809766 0.918750 0.283594 0.159722
1 0.507031 0.315972 0.225000 0.143056
1 0.790625 0.225000 0.140625 0.177778
1 0.620703 0.519444 0.144531 0.261111
1 0.731641 0.480556 0.149219 0.130556
1 0.557813 0.694444 0.153125 0.177778
1 0.493750 0.593056 0.118750 0.097222
1 0.058984 0.483333 0.117969 0.258333
1 0.158203 0.840278 0.316406 0.238889
1 0.662891 0.083333 0.128906 0.166667
2 0.270703 0.856944 0.253906 0.222222
3 0.036328 0.706944 0.072656 0.122222
3 0.386719 0.645833 0.190625 0.144444
3 0.404297 0.720833 0.174219 0.125000
3 0.578125 0.834722 0.156250 0.130556
3 0.495313 0.100694 0.125000 0.106944
3 0.750781 0.127778 0.067188 0.088889
3 0.537891 0.245139 0.119531 0.087500
