0 0.793359 0.906944 0.330469 0.183333
1 0.871484 0.800694 0.152344 0.165278
1 0.718359 0.599306 0.146094 0.176389
1 0.756250 0.513889 0.189063 0.230556
1 0.668750 0.237500 0.203125 0.222222
1 0.558203 0.938194 0.258594 0.120833
3 0.591406 0.838889 0.137500 0.122222
3 0.543359 0.668750 0.133594 0.123611
3 0.823828 0.666667 0.071094 0.080556
3 0.511328 0.165278 0.121094 0.119444
3 0.550000 0.073611 0.139062 0.063889
3 0.751172 0.322222 0.121094 0.091667
2 0.789453 0.379167 0.089844 0.097222
3 0.226172 0.258333 0.138281 0.172222
2 0.290234 0.040278 0.164844 0.080556
1 0.014062 0.147222 0.028125 0.163889
3 0.063672 0.869444 0.127344 0.108333
3 0.633984 0.470139 0.122656 0.126389
