0 0.549219 0.444444 0.348437 0.269444
1 0.210938 0.401389 0.226562 0.294444
1 0.221484 0.214583 0.319531 0.156944
1 0.505859 0.131250 0.117969 0.231944
1 0.684766 0.133333 0.142969 0.163889
1 0.389062 0.032639 0.126563 0.065278
1 0.480469 0.904861 0.217187 0.187500
1 0.678906 0.915972 0.129688 0.165278
1 0.408203 0.970833 0.189844 0.055556
2 0.758203 0.718750 0.153906 0.165278
2 0.618750 0.064583 0.190625 0.129167
3 0.075391 0.297222 0.146094 0.113889
2 0.292969 0.657639 0.260938 0.287500
3 0.658203 0.356250 0.138281 0.131944
3 0.246094 0.043056 0.173438 0.083333
