3 0.794141 0.265278 0.121094 0.125000
3 0.277344 0.777778 0.196875 0.183333
3 0.159766 0.432639 0.157031 0.154167
3 0.055469 0.422917 0.110937 0.156944
2 0.608594 0.454167 0.076563 0.133333
2 0.678906 0.668056 0.195312 0.219444
2 0.395312 0.426389 0.307813 0.158333
1 0.366797 0.677083 0.288281 0.159722
1 0.561719 0.825000 0.131250 0.258333
1 0.753516 0.770139 0.150781 0.215278
1 0.772656 0.383333 0.178125 0.191667
1 0.634766 0.299306 0.224219 0.254167
1 0.695312 0.047917 0.092188 0.093056
1 0.320703 0.160417 0.264844 0.206944
0 0.432813 0.077083 0.314063 0.154167
