1 0.119922 0.413889 0.169531 0.341667
3 0.171875 0.173611 0.193750 0.216667
3 0.122656 0.076389 0.171875 0.147222
3 0.329297 0.136111 0.213281 0.166667
3 0.228516 0.054167 0.210156 0.094444
1 0.206641 0.588194 0.141406 0.218056
1 0.382422 0.767361 0.182031 0.259722
3 0.186719 0.927083 0.290625 0.145833
3 0.340625 0.954167 0.121875 0.091667
2 0.812500 0.478472 0.365625 0.276389
1 0.610547 0.122222 0.233594 0.219444
1 0.935938 0.077083 0.128125 0.126389
1 0.816406 0.117361 0.317187 0.231944
2 0.453516 0.042361 0.199219 0.068056
1 0.495703 0.355556 0.283594 0.394444
