1 0.120703 0.179861 0.241406 0.329167
1 0.431250 0.129861 0.217187 0.234722
1 0.520312 0.233333 0.231250 0.450000
2 0.425391 0.424306 0.214844 0.370833
3 0.297656 0.576389 0.118750 0.222222
1 0.108594 0.513194 0.153125 0.240278
1 0.134766 0.842361 0.125781 0.315278
3 0.442969 0.719444 0.137500 0.205556
3 0.496484 0.846528 0.130469 0.151389
3 0.537109 0.603472 0.138281 0.212500
3 0.583203 0.790972 0.153906 0.223611
1 0.816797 0.859028 0.263281 0.248611
2 0.894531 0.163194 0.210938 0.287500
1 0.299219 0.755556 0.159375 0.244444
1 0.768750 0.436806 0.364062 0.354167
1 0.589063 0.947222 0.171875 0.105556
1 0.807813 0.247222 0.109375 0.205556
