1 0.398828 0.385417 0.161719 0.484722
1 0.125391 0.671528 0.242969 0.390278
3 0.019141 0.518750 0.038281 0.226389
3 0.714063 0.818056 0.129688 0.308333
3 0.791406 0.508333 0.092188 0.266667
1 0.874219 0.440972 0.156250 0.418056
3 0.769141 0.215972 0.147656 0.356944
2 0.955469 0.742361 0.089062 0.418056
3 0.569531 0.913194 0.142188 0.173611
3 0.846094 0.933333 0.118750 0.133333
1 0.376563 0.069444 0.246875 0.125000
0 0.098438 0.261806 0.195313 0.468056
1 0.650781 0.325000 0.173438 0.555556
2 0.950000 0.681250 0.100000 0.454167
