3 0.355859 0.186806 0.183594 0.270833
2 0.478906 0.169444 0.126563 0.313889
2 0.219141 0.461111 0.303906 0.405556
2 0.051562 0.586806 0.090625 0.195833
0 0.371094 0.909722 0.187500 0.180556
0 0.105859 0.849306 0.183594 0.281944
3 0.739062 0.568056 0.135937 0.347222
1 0.829297 0.415278 0.211719 0.527778
3 0.701953 0.228472 0.108594 0.206944
1 0.588672 0.326389 0.183594 0.363889
3 0.786328 0.046528 0.146094 0.093056
0 0.909375 0.184028 0.148438 0.343056
3 0.707031 0.926389 0.173438 0.147222
1 0.958984 0.816667 0.082031 0.205556
