1 0.470313 0.673611 0.246875 0.183333
1 0.705078 0.629167 0.257031 0.272222
1 0.546484 0.404861 0.275781 0.334722
0 0.520312 0.885417 0.445313 0.229167
1 0.880469 0.819444 0.239063 0.361111
3 0.892969 0.532639 0.107813 0.187500
1 0.946875 0.334028 0.106250 0.295833
2 0.851563 0.347917 0.117188 0.223611
1 0.971094 0.538889 0.057813 0.216667
2 0.525000 0.131250 0.198437 0.262500
2 0.621875 0.113889 0.128125 0.197222
3 0.568359 0.055556 0.077344 0.105556
2 0.082422 0.194444 0.149219 0.188889
1 0.034766 0.879861 0.069531 0.240278
